43 17
7220 3893 785 856 3339 9360 5414 6180 9835 4949 2317 3241 7603 7340 2718 3416 2157
2172 5953 3476 3516 7984 7606 1439 2731 1126 3914 1710 9164 4173 4488 6383 8067 5273
8319 2484 4633 3732 8664 5546 9761 2059 8787 7363 9400 1504 1857 2635 4755 7810 7190
9350 6873 4795 1868 9604 7001 5782 2392 6164 9955 6880 3625 9100 3232 1943 1584 8944
5676 247 4489 6515 3386 3275 3877 3864 5858 5734 6499 1692 3544 3688 2120 416 9562
3988 1098 6562 848 4569 3804 803 1449 7430 9903 4681 451 2565 4703 7206 3892 9192
3720 7278 3545 7597 1141 481 4410 8719 3252 7954 2406 5373 9449 3046 439 1625 687
1288 6194 4491 3170 7643 2999 4151 3402 3451 6717 8105 656 608 8375 4377 7886 1919
3052 105 3480 7462 8824 6732 6494 2308 3183 5942 6433 4702 8646 7120 5990 4840 1611
238 3561 4610 4389 8043 9140 1105 7226 9797 2792 5601 5252 1756 8599 9383 1861 2078
6845 1763 8811 4417 4071 1993 1438 504 6695 83 8703 3763 4923 313 5080 9564 6003
9470 7606 5142 1653 4831 6017 4446 431 2347 7281 109 1730 9143 2187 9654 1984 997
4070 7135 4070 5508 7639 1843 5592 7420 6686 1593 7734 1765 1156 4815 2313 8762 1035
3967 4672 8132 9492 5103 478 6772 5212 2208 6993 8479 2940 8978 9476 7011 6112 4624
2518 4829 7547 9189 2248 4232 782 1060 7076 3017 6954 9390 1779 7990 3356 6451 6121
3926 2632 7678 697 8924 965 8770 7402 3905 7747 7956 915 4937 3659 4513 844 1205
4780 4171 5437 6641 5232 2512 9659 3264 2980 1437 1253 6336 8967 8453 261 2677 7210
2038 1600 8175 807 80 2079 9633 9116 4074 5648 2774 9666 6492 5058 5524 662 494
2165 6973 4085 1823 237 7066 4339 2569 4480 3305 2101 5821 7061 9311 8938 9741 7485
9745 9821 642 455 14 5795 6103 3867 6539 2594 8925 2063 4335 9419 4228 2387 4583
6051 3703 2727 389 6272 7207 4773 9452 4106 2912 8762 3043 2652 7325 3866 3552 9047
4321 3566 4841 423 7434 2459 4096 6358 4522 8432 6856 8750 1897 2517 5879 5600 5244
7347 2950 3529 3198 2402 7636 6110 2242 1757 8763 9568 5624 2314 8614 9945 6959 4533
368 5471 6992 5543 1829 1513 5053 9764 1341 6950 2280 7220 2549 7524 5645 6579 2131
8843 8981 845 4953 1222 2603 4794 1868 8227 8187 481 9250 5145 5015 696 616 2006
6240 3524 3520 1292 3287 5940 8243 6646 4239 1870 5248 9884 8449 7379 9806 8508 8225
5837 809 1906 630 2677 1211 9896 4238 460 5040 9253 2236 6735 2337 8476 258 6936
846 4624 2876 9089 1269 7115 2038 6517 8077 1565 4975 7882 1152 4278 4797 1961 6184
5427 5717 7395 6401 9955 8934 1441 285 1169 9255 3702 723 9514 637 1570 5216 4592
1737 7565 2785 3775 4081 862 6420 134 9823 7572 4412 4620 611 595 1125 6328 9069
7527 7362 8003 46 8726 250 9301 2427 974 9893 4144 2544 5109 8736 4281 3752 1521
9136 8912 3462 6634 9047 3284 4205 3458 8983 4816 5133 1187 2222 4201 8714 662 3282
9839 467 3533 9139 2894 5586 110 7038 9209 6298 6853 4568 49 8374 3703 8961 1835
336 8007 6198 5620 2544 5181 1514 7677 6368 4816 2956 6160 6557 6239 5998 7024 850
6215 997 7515 7404 8035 6723 3701 5966 1290 3750 4339 6073 3790 7253 7488 2875 3451
4187 5419 9711 5701 4174 6078 516 7131 3316 8153 4448 392 5176 6377 7686 6173 3891
5090 5287 613 8791 1252 2982 3620 6671 133 7410 3923 7622 284 8453 1808 6783 8163
8588 956 5319 183 9166 8635 8336 3613 105 3511 9990 7792 9685 4959 2881 6050 6651
1671 7302 9634 5291 3972 9767 3779 8975 8467 5143 7427 1353 1925 5590 9942 3960 1987
124 3126 1701 8460 6739 1806 3049 7808 9598 3812 2766 2478 9862 9418 5229 7164 129
1598 2214 974 5378 1188 520 1599 8616 1873 3524 5284 1814 8563 7271 3017 1688 8972
2555 8428 778 5605 7314 1454 495 1158 5012 357 1654 240 8600 1783 1838 1892 3837
8295 3081 4357 972 2775 7309 5575 8059 202 4138 6408 4298 5826 6459 6854 5332 8316
