43 49
9770 4032 3804 4781 5468 5458 6100 4067 8321 9018 5960 3236 8391 119 8672 9364 2894 5980 4938 2031 7261 9076 9518 1559 4902 5976 8413 233 5370 3028 3958 5140 7060 8841 999 3607 5377 7100 8753 3697 7196 5791 8012 5586 5910 6683 4949 9883 3742
9888 2992 1002 8963 2510 2561 4943 9565 2052 5177 4935 5080 213 1153 3219 9054 2152 6826 4430 330 5578 9207 7526 1369 7218 3112 8358 4980 9140 8241 8722 9027 2311 802 9069 4821 4443 4011 5465 6495 266 399 2654 479 1552 5873 611 4783 3777
6121 6193 9355 5327 4797 1802 3623 7909 1239 8603 7049 558 8403 7154 2869 284 6222 8770 4727 1312 4234 1221 1578 4633 3875 3137 7264 826 3748 3125 4603 9869 9318 5037 6274 4115 6839 9898 3102 9157 9579 1229 9715 9061 8384 2584 9345 5684 1353
4071 6996 6666 6371 8575 2377 246 2790 9641 2151 6538 3844 6755 7486 4241 1791 3759 8356 9709 3656 2536 9945 4314 3766 9659 3374 3228 2242 3797 9991 4674 7868 6987 1339 4238 6640 3716 5563 9430 4435 7715 7046 8280 5548 4531 2520 8418 8291 1954
9205 3025 5569 9149 8418 9335 8808 1791 3641 2128 5588 3632 6803 4534 1697 9221 8773 8337 4016 5414 7766 8451 4207 4811 7809 9755 421 1407 8172 8712 4440 7377 2815 9 6525 1233 422 5332 4103 4064 8540 770 8775 6421 5304 471 5641 5155 9887
9657 1648 8731 9187 5855 4620 8074 5610 5041 560 3781 3752 6079 2236 7647 6088 8762 8880 7590 5172 4061 2732 3711 4831 1506 131 1214 3056 6852 7448 2942 7587 9096 1672 7852 4951 6292 7005 560 2412 7565 5420 6164 4722 8736 4889 810 8576 4847
8400 4826 8909 2210 9617 4818 3716 826 6032 7851 7678 3480 1871 6344 3654 4622 4195 8605 913 1199 243 3325 9843 6743 568 4565 6557 6536 6454 5132 1383 5932 9958 1370 8142 9574 6188 2936 400 3299 1865 9157 7858 3736 5500 1511 8358 774 1195
349 3052 2517 4754 2895 9260 6401 8539 5816 2936 6071 2026 5398 3081 1984 6768 2301 2636 4035 5237 4115 7334 8181 3272 6270 1916 9851 8860 1352 624 54 1701 3677 2572 6455 7651 2910 3934 7268 9806 6871 4417 1831 2268 7498 4894 115 9799 7531
4150 6114 2724 2562 4294 7075 8832 6210 6926 7691 7562 8629 8825 341 3384 2475 7876 2113 6464 1809 9381 6269 9759 3797 9180 2027 2373 4073 2142 2171 2682 6292 8285 6486 8854 2578 3560 8764 9867 1564 7533 8507 1272 6357 8849 4656 9911 7803 7849
7454 9612 8308 3722 9371 3184 3980 2476 5557 9133 5697 7729 2893 1988 7092 9379 1920 9671 4018 1762 615 5582 9295 9123 7933 6731 9050 2589 7720 6852 1516 5173 7542 9824 9975 6912 3007 3954 466 8565 3086 6163 7372 5980 9230 4463 6437 1149 5212
454 3990 5828 7116 3285 6029 5048 1094 5078 8716 8814 1929 231 3987 9471 1134 3961 7462 4141 8994 7928 3784 3159 4091 2234 217 3320 7777 6654 5549 2988 7109 9539 9895 5303 3902 5923 350 4996 1000 9067 3810 4008 376 8876 4558 1510 2836 2019
6731 2908 1025 1593 6067 5116 3828 6284 9516 1604 2938 5064 5671 1125 5681 5566 6428 9584 1488 7857 4579 3568 8002 9468 7576 8379 8343 2133 967 2257 5231 8777 5166 6257 370 1232 2451 5277 7517 1966 7960 1533 8109 3630 2658 3790 274 164 3373
2842 9100 9031 7489 7102 8499 5064 6559 6841 8277 8605 9099 4586 7382 4264 842 7752 6575 4373 4107 4091 6339 2066 5624 4448 6775 9361 9317 7050 9525 3768 970 9704 2798 8459 6805 2375 4601 3363 9217 3956 3046 9394 8543 427 4736 463 9258 1310
4836 3364 6481 2254 5430 2104 6702 3284 2544 6018 333 3147 864 2382 2850 3662 1919 9655 6038 6520 4096 6333 1555 7143 6805 97 8649 1540 1639 7907 3929 6476 1270 409 8730 7780 3593 6510 1063 6137 3606 2475 362 4470 4857 3213 9211 6776 3946
5248 4374 9122 2659 5929 7343 9464 7105 5991 2082 8745 3897 6012 6299 5168 7500 6107 4026 1092 2616 5089 8308 7301 7564 8671 1770 2420 2962 980 274 6908 7308 5727 7108 1045 1656 4450 509 8761 441 2591 8584 5417 9682 4882 1663 7182 988 5689
9353 4683 777 7661 1983 8341 7410 4832 1839 371 6892 3192 8358 5278 8920 5466 6323 1654 9916 6832 414 1435 502 77 7932 1262 4959 9595 8444 7027 5284 7797 1709 7140 5457 4772 6560 3945 9604 8399 4316 7574 2670 2673 2851 1589 9218 9175 3243
212 7085 4736 2726 7587 4813 657 8850 851 252 8372 8957 6615 6168 1744 3754 2703 6516 313 6648 7199 9792 2042 4772 2461 5795 7624 5129 5012 6798 9451 6303 3882 4186 9030 2548 78 9687 2476 2008 1017 847 964 8711 8095 2708 3544 1876 9225
4936 9604 7502 5806 1645 2273 9346 7440 975 4474 3531 8852 3924 912 3813 9190 9942 7440 346 707 9916 2354 2803 1841 4397 1514 9936 7105 6137 1812 7408 1072 1415 5988 6879 4139 8262 7303 2658 315 1777 7268 9168 6780 8180 4059 7048 8122 1498
8473 9908 2492 1905 2710 4333 6302 5303 5348 4486 1439 7160 2972 3591 9654 8961 1548 3792 8301 8851 7529 8616 1706 4796 8862 8487 2976 3999 6613 1097 5497 5086 1004 7989 6991 4793 3401 3293 96 8749 8858 2614 5908 1829 7284 6640 789 9911 1510
9090 9841 9040 8785 1546 4914 8725 1111 7890 2724 7725 65 8221 3889 2148 7289 879 6942 689 5251 8117 9438 4108 1809 6424 7017 172 3063 7806 82 5652 7975 9923 5770 7838 2548 684 6562 3659 8574 9286 2462 8640 8586 7430 787 5874 8310 8808
6563 4639 6924 7079 9827 9813 3502 6843 9985 7644 5727 1145 3295 4780 1068 144 2617 4695 828 258 9433 480 9544 2974 9120 8129 403 986 4002 8713 9794 1643 4431 7797 8722 4257 8688 3302 2178 8672 945 8984 9817 5320 3764 1963 5464 7460 6658
7371 7718 7170 7851 8341 143 8050 7548 546 9036 2629 338 9908 4272 4769 8783 4073 104 7470 7375 2282 7220 9400 1265 7037 4719 6108 78 1261 4647 6737 8632 3443 3906 7561 1783 4049 5610 410 5674 5724 3039 6012 6711 7311 780 5493 2462 884
4042 916 4245 1261 315 6590 8298 6113 2697 8377 8453 8423 6192 8163 1866 1176 5723 4728 6304 2412 5138 1977 8136 8177 7990 4846 6567 9849 1418 107 733 5460 1023 4978 6721 2417 1567 5019 8530 5344 4474 6982 4845 1744 6223 6711 2920 1946 2518
9224 4358 8735 2279 3572 7991 268 8419 5636 117 9837 5743 1929 5296 7846 7986 3095 262 632 9193 9872 5976 3666 7932 1899 6489 4155 9690 9409 7180 2207 9711 1537 2020 1990 6188 1089 3337 4606 6725 4533 5521 3547 7541 1895 1392 5527 4991 2733
6159 4183 2604 3213 8929 1615 5112 6496 5770 4801 5905 2949 8087 6694 5565 1186 9763 2831 2275 3100 8517 9001 8712 4037 3626 6253 7012 5018 2858 3081 8830 9017 8343 2513 3308 8350 4128 9499 4846 976 5379 1829 5004 4544 8523 1647 5730 8286 4478
8006 2464 2994 8085 2254 8111 1710 8507 5122 7807 1364 9282 6636 1459 7624 9149 5846 5974 3276 5345 1898 5331 1802 3727 334 6346 3328 1981 2076 2692 6460 1160 6235 9454 9245 8490 7564 954 8075 3764 8761 518 3045 5396 1977 1748 5624 8903 8801
9979 4247 698 5310 6049 5504 5644 3473 8832 7626 5549 1524 5164 6709 7759 5696 5953 7327 4339 7986 5402 8103 6746 5920 2227 3221 8976 5054 8845 7878 3854 9902 3203 5631 5211 330 1134 1934 3804 1044 638 431 2568 5802 8220 1406 1497 4172 8733
5836 3237 4134 5018 9983 53 7245 4282 108 3377 4205 7986 7231 4107 2268 3940 396 2598 5074 2330 6402 6118 2968 6834 9766 8770 5053 1171 1346 303 9904 7182 4619 5117 2199 5681 6249 522 9963 6357 3899 4168 5422 2208 9354 7690 7227 9750 287
2300 2080 7769 9498 6127 5681 341 4897 1812 1512 6243 3194 2494 4503 7814 8690 7782 3494 4939 9383 4535 2374 4361 9782 7796 6569 213 6564 3796 9964 7931 7175 3122 5699 7751 9249 2458 8092 4145 5349 682 1466 8543 4256 7049 7435 2945 4830 2007
8963 4212 7622 2416 8573 7403 1290 6221 7617 7855 1095 8659 5785 9349 1780 2562 7100 1028 6099 6270 6253 1447 8032 8798 1068 3366 5846 9583 7390 1754 1589 7432 5967 9211 9848 5618 7693 1137 1838 6388 8992 4012 5046 5855 3361 7905 9496 1539 11
6673 7809 7343 9199 6919 6141 267 1363 3065 9850 8754 4820 2517 6185 1865 2807 6032 7483 499 8248 400 7966 8319 4412 4090 5252 7773 1994 5827 9312 2005 2499 8200 427 1698 6197 6568 3044 7561 711 2893 7393 5531 6489 3577 8475 9296 687 7037
9795 13 7437 8839 8332 1848 2928 3584 700 4922 9411 1090 8007 2988 9290 8434 4686 6566 6080 7730 4126 6791 1701 2597 3401 8191 6174 1875 7486 7940 8912 8360 9032 7427 7198 7364 9276 126 2026 1054 5048 2515 2144 4133 5503 2513 2566 1268 9079
8646 8998 4283 6516 1778 6880 9917 9969 4132 2870 8533 2071 2861 6892 1102 287 4090 9545 641 5295 1570 1695 1421 5164 3840 5555 667 6353 9200 1935 6510 8925 2011 792 5440 3789 7672 6435 4836 1803 9305 3369 4953 3244 260 6055 3532 5429 6679
4173 723 9328 6948 3224 4492 1866 8779 5159 8219 9057 8173 4728 7981 183 5520 4499 5052 4270 933 9888 6073 1317 3256 1025 4561 3517 8159 9172 24 5916 4424 1827 5244 1371 5051 9736 3237 4908 5973 2534 5043 5224 8341 3024 5407 4939 7523 1537
9209 9536 1425 5281 852 4681 7385 6492 9277 6622 5664 380 2538 87 2207 8861 2537 8337 8596 5774 4323 5647 9387 9366 870 7727 2389 7356 2665 991 9973 1873 526 1397 8233 2457 6078 6696 8949 6434 3317 4612 6814 6934 5778 99 5794 8315 8436
5468 5167 2758 1114 4553 2123 3063 2279 5592 1498 6023 7662 1470 7896 8188 2867 7207 644 23 3902 671 7536 8299 6363 4349 5232 2140 4448 1026 1534 3962 6494 6701 6720 8688 2333 9923 1750 5691 6593 4327 1714 4254 6876 688 3520 9743 7896 4164
845 2876 5914 8381 1174 2276 3809 6407 4417 9336 7433 7030 3298 3926 4809 1096 2613 7142 2097 5443 3912 8690 9770 5626 4022 6646 7393 7542 7467 5288 2784 9391 9244 8699 8851 417 974 3738 6824 6470 3073 5335 3499 6371 340 9388 7468 2953 6529
643 9475 1519 9334 323 8224 4434 8048 5617 1976 6593 1983 4760 7063 1226 4537 5913 1644 5512 9651 9547 3060 2723 4882 7639 173 5222 7026 8720 9254 4633 9363 9808 6153 9775 130 4376 4209 9257 9993 7264 5849 3055 2023 2911 4281 7640 9903 7004
4230 9553 6551 7290 3355 2511 4928 4607 8812 3032 3326 9144 7666 2688 8951 3818 3542 159 9273 7751 494 9266 5014 6344 2320 8116 333 7680 6834 236 4684 1063 867 2313 8354 5301 4824 4360 9908 4714 7393 3233 3857 5058 7001 3887 9955 1621 5125
9227 9372 5620 9571 5464 1963 2969 4658 3375 649 1492 4690 6412 3634 5558 8725 1987 1937 3548 7427 1845 9341 4819 6157 3197 9877 4236 8163 909 5857 3288 135 6307 8908 9707 2849 1949 3754 7508 6403 4403 78 1093 814 3712 7730 617 6779 9667
5244 4205 2590 4584 9024 8748 7782 9979 2983 7023 1966 9920 310 2101 6226 296 2886 9076 3324 6641 7662 9728 2122 8819 820 4016 2530 9629 4633 387 9295 9878 4592 1885 4461 4694 1711 3321 5751 4694 1423 7717 5692 2812 897 1918 3109 3783 2072
7512 1502 9734 7239 4704 8552 9138 8720 2160 8766 4431 2548 8061 4308 8219 1024 9849 3992 2735 4248 821 8508 5671 8539 4200 8484 514 6118 2671 5376 8190 182 6879 9002 8501 1582 7553 7638 1380 9713 7483 5811 3339 5543 1198 1558 7646 2125 6629
380 6373 7450 8888 3123 7067 4166 2685 7581 1362 6435 2957 630 6617 914 9632 5117 2496 8263 3834 4955 9055 1316 765 2393 7938 1963 5030 5583 5167 1658 7042 1540 187 7008 5742 7254 1174 9506 5914 2536 5940 8871 4246 2556 9785 3877 8753 3359
