25 25
8314 1194 3902 157 4666 2918 3200 9697 8501 8367 2433 6621 985 2620 3628 6727 9875 4802 7311 6867 8418 3250 5737 2663 6886
6600 7619 5638 9959 837 8224 9351 3110 3204 9508 7777 7201 3786 8552 6780 2153 984 3400 3138 4684 7028 944 5637 2909 8255
2503 2405 2584 9319 6147 9470 5918 3765 5107 6955 5682 4409 6305 8792 8692 6891 7647 5892 1756 6198 2671 3909 8262 7150 8126
4024 5256 148 9661 8165 9483 3242 569 2066 2560 6716 1535 8478 1560 7721 5432 7242 3208 2815 6033 1899 784 4759 8870 2540
2035 2619 7528 1375 9769 5654 5399 5024 6881 5059 4268 6363 8301 5916 8429 1939 3711 1042 416 5271 9842 6927 3591 3049 820
702 4948 2684 5461 4896 6303 7497 7515 3831 8872 7283 563 5350 3386 7444 1487 7654 3807 9789 4648 3314 2806 8359 5436 3223
4708 5277 1228 8299 8327 2049 80 4353 5812 5541 9250 2114 4116 6764 5945 4067 5126 7587 9417 9591 5031 1982 8323 9917 1770
2970 4309 4577 1329 9745 8879 7116 6101 106 6494 5506 3234 6574 937 9046 3193 186 1160 8389 8030 8184 3534 4234 5771 4029
3824 1880 6011 2146 1796 8861 6195 7184 4516 8603 8008 3394 5719 4108 4579 2212 692 8893 9865 1629 9017 3057 2895 176 1445
2003 9440 6058 7316 6289 86 2218 8169 6098 5443 1043 4958 1637 8227 9474 240 7313 3946 7038 2499 9604 9250 3191 8496 9114
5900 7513 3249 9874 8768 5774 1876 8207 1831 270 5574 1918 2488 3742 8016 7931 5864 4052 646 5170 4604 886 2482 8550 7924
4982 8153 8252 9252 6649 8444 5151 5240 1693 5024 4007 7467 7979 3293 376 8249 8867 2294 1815 3688 1388 9746 630 6519 392
5800 1122 2357 9362 9672 281 5422 8904 9612 4673 6631 8056 903 1870 827 5927 6956 8294 4985 248 8670 3233 194 2043 5049
3882 4510 5873 4512 1029 7344 1391 2151 9702 1831 2902 1061 7253 2884 672 1925 9515 9807 2828 1384 633 9835 8340 5 4819
9668 9755 9131 9862 1797 5258 4822 6307 2210 412 8415 9554 1803 566 333 4713 4547 1394 1965 7431 3146 4970 6945 4031 8877
9408 4665 9790 8826 4670 5687 9572 4424 4818 9433 7300 1154 4254 4686 3364 4667 3100 2918 7549 4745 3251 2262 9292 5725 5306
6722 9950 1354 4745 3980 231 5231 9724 20 5136 5473 5708 4707 975 1604 4140 8276 2758 9473 2961 7202 5218 7140 1198 3846
1885 5528 7187 1176 1252 2492 8978 2280 3847 4801 6261 5157 32 5984 6256 5168 1456 3042 9875 3511 4646 5093 1786 8484 4566
5826 5685 862 4044 6883 4708 5929 2410 1894 8185 4742 5466 7162 7022 391 1962 4361 6627 3073 1424 2882 8241 3959 5925 9195
7470 1649 4287 334 132 9932 6160 6896 794 204 4857 6581 7212 8347 9555 5396 4167 5020 3636 1188 6490 6678 6629 3116 9751
8053 5998 9071 2011 3001 8265 560 4651 2551 894 5862 3562 8134 3837 4356 9417 9773 2015 6628 8119 1569 3103 2285 6589 6739
4553 4157 4495 1181 7273 4246 9234 4350 4395 2323 7351 2659 2883 3080 6289 4857 21 9851 2990 4937 5285 2406 4709 7301 9034
2828 9949 3215 5113 7617 9955 744 1773 5528 1925 9047 852 2237 3396 5247 5640 1825 8985 9602 5985 5274 4458 6006 6203 7448
2021 2567 932 6730 946 1045 9558 894 4260 5750 8511 5293 6494 284 821 9499 409 1673 2814 4884 8000 8454 7788 6984 8056
3772 3336 3592 856 9540 2119 2877 3185 3051 9608 4131 4096 243 6104 8357 7072 4615 3649 3566 5978 5549 4143 7466 8302 6957
