15 47
5411 136 3284 4545 4988 6621 8137 6923 7239 1334 9801 423 4386 486 5633 8482 1808 1736 7917 8881 7430 2645 2446 3407 8194 7668 872 6495 4624 4300 3874 1113 4437 7159 6737 503 3779 5953 7426 2096 7287 8305 2519 1672 8791 9231 1233
599 966 9150 558 8397 1794 3004 2882 1067 1750 4834 8641 6374 9134 2515 8567 4649 752 5303 5152 5610 1255 2578 7706 8543 1961 1303 1293 1831 533 2526 2430 2578 1676 4067 2053 4549 8150 4936 6695 9900 9770 6415 6273 8903 8930 5918
3552 9682 1221 9783 5291 2476 3439 4075 2097 5401 5378 3391 7232 6990 5917 740 9568 8672 4807 1621 4300 2956 7636 994 2855 8484 7409 206 7386 7417 7204 2016 8177 8425 2878 4546 1979 6317 8621 4077 2796 3998 8547 27 987 5542 1846
1634 5293 6653 3255 9593 687 1969 1665 4621 452 153 4828 7838 8649 2031 933 6826 1534 4890 1371 3513 1206 9993 8669 4003 5069 8294 5109 7136 3836 6956 8770 9129 4687 3103 9800 5375 5072 2543 9996 5524 2696 5902 4440 1345 7933 6452
9250 545 1341 620 5138 2548 1691 3806 7630 7840 3179 3817 4975 8094 772 3744 8301 5460 6847 8100 834 1918 642 1908 8521 4418 7811 2960 6842 6822 9413 6091 7368 753 7790 2505 4380 560 7390 3088 8400 568 6906 3374 8662 8757 8197
6962 5295 6122 6140 6129 9119 7862 9117 7639 2279 6927 598 9121 3748 1089 6290 2194 1843 4079 4699 7302 4639 3168 390 3038 3736 8375 7491 3477 7131 5687 1517 2426 1808 8737 9634 926 6598 9829 9644 9956 6755 242 9076 1582 1331 5365
3776 4253 522 9555 1555 5162 2722 3024 9279 7537 2477 6770 1013 9608 3535 3610 3112 6423 2346 3825 8428 22 3653 8072 9978 1487 8314 131 3069 723 5496 6845 6056 6018 6399 7611 2258 199 1713 1537 7737 4190 8307 9829 4876 2920 3438
9068 9343 6863 2892 7771 7964 7624 5842 7941 9111 5234 8072 3258 7036 4646 1182 3091 1743 7581 1780 4001 8860 3493 5538 6596 8762 4923 6424 3638 7844 941 2705 8265 7804 6676 6035 6847 5378 1876 4787 5568 8189 3938 8826 5225 8584 7
8316 326 8668 96 5407 7527 4668 944 5201 3430 6947 1624 8147 5869 2565 1930 4133 1448 9685 1247 8295 5062 4202 4160 629 2391 8098 534 7616 6682 1620 7010 8087 287 8185 3493 8893 3932 5517 4093 7362 2463 6797 6587 9411 9362 8517
4622 1888 8201 5869 1261 4341 71 5422 6050 3541 3519 6584 1156 1279 9283 9245 9367 649 7430 3938 9542 1361 9455 4714 9802 2996 1510 6388 2406 1950 5983 7029 4918 5262 3976 6179 9603 4047 2679 5652 7588 7278 3314 9823 9636 2597 9068
80 3246 7576 4019 3866 15 3473 8580 895 6470 1168 8362 9955 4198 4344 6983 9116 684 959 6373 286 6085 9053 7018 4752 7409 1410 4574 7044 5086 4720 7125 9411 3374 1143 3277 4468 5695 2935 5363 2164 5183 3724 3198 9381 9147 180
8496 9831 2218 5947 1196 9383 6078 9293 4134 3486 702 9787 1609 6868 4507 9813 6278 8960 2034 9555 3428 7729 3569 9870 972 8752 4673 4170 9211 3819 5429 8785 4729 7648 4731 7004 8109 809 6296 2242 5374 8077 2028 8062 4944 7614 7874
2301 7653 9908 1855 1080 7637 6503 2028 8609 6333 6701 3857 5543 1599 9286 4327 7407 8012 9059 4410 6120 946 1784 8362 7399 939 1469 5461 6963 161 3334 9264 7814 4321 2197 9973 1957 8701 2001 1644 6112 9781 5501 1655 1379 5865 5982
8786 3877 6119 4274 9997 8144 7137 9438 5543 8077 1985 1003 6118 2146 5416 5381 1039 9737 7578 1011 2772 7357 4091 4416 3469 3872 995 5124 6330 6861 2184 5116 1816 8304 468 1812 6447 8685 2328 3068 6761 4313 4071 2878 6460 566 9338
7499 302 6915 9589 3075 5351 3680 8570 9899 8631 644 5022 4960 8584 8285 1154 399 7667 1623 2211 5193 307 5619 8261 8147 9932 3411 2103 6391 3977 1440 4968 5358 9434 4557 9512 5863 9316 9161 5761 7946 9805 1861 2905 8388 146 5139
