49 39
3118 7453 5829 2876 4220 7358 3187 8241 1855 5493 2326 4679 304 4268 5342 4564 3383 4081 4032 7615 702 9493 948 3591 4326 680 2614 4189 2492 3083 6402 5610 535 2230 9565 5834 666 2752 4074
3600 8245 7479 9359 9628 1747 4700 5270 5130 9860 9302 3823 561 9873 4772 4153 4199 6531 7846 9467 9023 928 5869 5711 2542 9178 5276 8376 923 8028 2449 5602 6272 9929 4960 6978 2754 738 2247
8963 598 1548 2785 1159 2500 8636 6391 7778 5166 5315 7244 5267 6243 4191 978 8785 3369 6254 8239 5371 5360 1767 972 2710 2774 5933 9688 5528 6671 1934 5569 8348 4561 8354 586 8140 6990 6977
5917 3234 2292 3161 8502 9614 7352 9480 9478 1799 6812 7716 8249 2171 9483 9222 4881 2256 6233 4568 8863 2903 7581 4431 1251 3220 3864 1837 1360 1932 9893 7277 5166 3263 1516 4746 2877 8869 4225
2354 1746 2115 1148 1074 4286 1710 295 245 5045 6528 5892 3908 509 3472 9418 2839 6693 3281 5755 9132 5213 5648 6408 1458 8911 7925 6204 2866 7872 1508 6299 696 3623 8527 1770 8989 236 3144
9234 5281 9672 5126 9189 1260 9677 9686 4099 7448 2966 9855 6579 9259 6581 2987 716 6570 1990 7999 9437 9862 9507 6814 1636 3130 5340 3407 3197 5576 6551 3509 1936 7302 8635 2203 8562 9391 1888
3739 6838 5934 4672 4496 5192 1252 7483 6987 7823 551 4985 8338 412 4492 6230 3127 8701 2649 6534 1897 8225 4164 5406 1239 1465 5120 3443 26 5589 6410 4844 2426 2343 9517 6922 8614 768 5483
5600 9670 7113 585 9086 8604 5077 5316 1731 4856 7965 8265 7832 7268 2428 3237 9587 4972 9436 3029 4998 5024 517 921 8530 2861 437 6530 1474 1205 3092 7075 1954 204 8739 2118 8809 4894 7434
539 9750 6477 9883 7581 4824 3390 1896 5489 8362 2411 9597 4439 7435 113 5360 7043 2974 5797 3573 5528 8081 7744 3681 34 7948 2419 2153 7835 7313 665 9453 7062 8222 9336 5721 4124 2725 7617
9613 1086 27 9209 5525 8542 9322 1963 6663 3375 7760 1314 8903 5841 9058 2583 5875 8085 5002 9107 6998 3393 9773 6451 1533 9073 6865 7254 3196 668 5949 2808 2833 7056 2016 9438 6676 2416 1400
3338 5791 9161 4653 4693 5001 4789 8355 1954 2873 4435 2140 9872 7828 2991 7401 9361 2063 4265 7693 5259 6012 3642 9146 8845 1776 2240 8282 8452 4656 9683 1789 1526 9922 7521 6219 6001 2310 5653
9034 5183 87 1173 6133 8995 4164 4612 9434 6227 8877 7127 2564 5967 1847 2788 4812 4702 5028 3093 3153 763 3854 6021 2289 4854 3542 9587 854 5852 6318 9889 2113 6406 1061 9326 5400 6305 3937
5912 3610 3893 3038 7254 9860 5964 41 5750 665 6149 9923 4897 7991 3776 918 1358 9710 5539 944 563 2469 7263 1530 4582 4747 3671 4986 1225 9976 2 7137 3585 3895 1254 1917 4833 8297 1959
583 8963 9187 505 4938 7177 5360 5856 8535 5069 2473 557 6712 4942 8899 8242 603 3645 1912 5589 5949 2966 5591 3086 7631 564 5419 9548 6477 3715 2585 8139 2677 1771 9723 8695 26 6161 4550
9640 1230 7024 197 9021 3044 174 7262 3647 3820 253 9237 847 4298 5906 3933 1928 7550 9352 2555 5105 4146 5140 3243 7902 7991 4044 6596 9096 204 1146 8736 2513 9249 11 1533 2292 185 9875
5940 5084 1206 6255 7011 5504 3239 943 7433 1867 1374 9988 8051 5520 6206 1293 4500 5275 6416 1096 4371 6621 3321 4185 9134 2569 5275 1746 5940 5460 1620 2958 1623 2826 291 8634 8330 4610 655
6841 7556 3108 7907 5607 9707 5192 7979 4207 466 4395 6382 4837 1015 9703 9022 1227 3350 4296 2973 9290 835 4593 3327 3537 8498 4697 3249 7907 9307 4983 4747 6863 9171 3733 3548 8877 8925 1526
4162 9391 5921 543 5307 8015 245 5407 9243 4674 782 2215 5043 2696 7888 8370 6233 7464 4145 560 5370 3452 6622 1196 1393 5792 4929 4941 5748 3853 6467 988 4322 3467 2611 9629 1481 3935 5036
1802 8610 5818 5097 3652 9593 2984 3100 5825 447 7245 7464 6897 1775 4085 8093 3168 956 3021 9188 7783 7953 6734 8771 3353 200 1381 2982 2760 5317 9097 4563 5005 5993 9660 8657 5585 3722 1756
2488 5248 9001 1030 2144 776 6194 236 5023 7150 4336 4211 6011 3367 944 4782 6721 2223 7242 781 4983 3637 956 9546 8642 8028 283 7298 3612 4005 132 7179 9254 212 8209 2476 988 4402 2713
7090 2631 8128 2379 8642 2574 3323 4502 9295 6625 2823 1154 1608 6460 2110 2232 5102 137 2516 3478 4828 7600 3611 2006 7932 4902 1293 408 6969 6774 4200 4058 483 2327 6438 204 4901 839 5785
5274 7465 8608 7507 151 5068 9617 3462 1248 832 7057 4726 6739 4657 9416 9824 2588 4317 1116 2996 1285 8970 8275 6423 9453 602 2860 735 6582 4778 6521 2935 3321 5128 441 3472 1274 1137 8014
2522 1969 5070 7249 8709 9727 7743 8532 3394 3139 727 7469 4424 775 5744 1925 1306 7425 4785 2042 5085 642 8563 8020 3963 4769 8462 8515 6044 677 6528 8566 2646 1597 6893 2433 2403 5715 2044
5797 8854 3850 3265 4356 4625 87 6282 5931 7512 1066 9052 2597 2787 8693 1695 6751 3462 1235 6344 584 1912 2871 9150 4559 5547 7122 8071 9029 2836 1193 4825 2768 5043 9170 7124 9668 335 3405
6678 7848 5551 5729 1523 8338 4422 3218 6167 8963 4454 2510 9547 6366 6460 9775 2003 2007 6896 1153 1035 810 2346 6940 3578 8469 7188 702 9215 7523 5186 5892 6449 736 2700 9051 153 7122 2269
6320 6084 7802 9910 5630 5246 6369 5404 8329 9455 3379 560 490 4189 2906 8509 8847 2453 6775 627 1668 4297 5813 7560 1825 7629 259 875 7782 8460 4223 5180 5622 3103 5089 1251 8350 1458 7735
7757 912 2192 8317 2481 7460 2301 989 6306 4755 8843 8012 7502 3140 3825 5061 6044 2532 6400 7998 313 5938 2221 5493 1560 5324 582 3890 4752 2040 2703 2508 4031 4895 1903 6513 3434 4205 8581
818 38 7424 8831 7540 1642 3734 3679 7686 6266 1157 5683 6579 7096 8983 3150 9735 4307 4811 4703 137 7930 7407 2646 1961 3380 4549 8474 7893 9833 8133 8712 9871 5556 7542 8489 8277 1275 2168
7041 8620 4404 3803 5198 2578 2785 9427 2312 8171 4238 8095 8309 2167 6580 954 4128 1038 6582 3680 8932 7494 1813 7643 7364 8448 6263 6932 7804 7538 9100 4844 6157 3503 8647 2433 6082 1432 1859
9473 681 7176 8646 8990 9344 5225 1022 3471 6264 8684 8231 5195 6177 1122 3916 3540 648 178 471 8452 8795 649 3296 6030 5232 1942 8463 2392 4453 1400 2943 5135 8577 1589 4124 8999 6814 6226
2469 3077 4909 1778 9351 1085 2900 3266 5704 3549 3444 7255 2000 3317 7904 5296 9347 4214 8318 7809 6606 2770 288 628 8984 9944 2217 4187 8942 9031 412 2489 3187 5321 4268 3616 6406 8247 6883
3188 1795 1405 442 4875 4723 9426 1249 4069 3639 645 2957 1324 4495 4324 1952 3478 4267 5248 7665 4287 4278 8077 6776 8544 4476 2122 2160 881 369 121 5149 3243 2605 5591 9197 7328 6095 446
2476 9735 2170 6512 2137 6665 835 5168 143 6181 415 8887 467 5772 6964 7243 4316 1439 444 7555 3400 813 7676 8549 5135 280 5218 4332 8688 1313 5857 2242 2126 8027 8754 5342 5771 9589 509
5914 6848 2003 4800 7315 7775 2842 5636 3169 5361 6080 723 8761 7972 9478 8388 3107 837 3605 8518 9525 4918 5453 1766 8123 3479 1598 3464 9250 2265 3973 6242 9113 7055 2121 6427 4830 6042 3141
7999 1402 9222 9802 162 7193 9279 9629 1378 1194 3234 974 718 9231 6427 3563 8433 9907 6240 1896 234 8505 6949 7556 7617 4003 755 5122 8833 6797 8264 7911 8200 7485 8791 9441 5756 9148 9070
8214 342 3382 9188 2139 3691 5615 5703 2123 6600 1942 4020 7913 447 2047 6547 9143 6050 7302 4265 5962 4099 2528 4951 3377 1091 3741 2817 7926 2888 2965 7218 3230 7426 7485 5370 1117 4178 2151
4319 1856 5172 9418 847 6698 1464 7395 5841 7515 5775 1184 3476 952 4791 8427 4329 6961 3246 7147 5965 6134 1190 3183 443 8617 1746 6892 9734 5924 9043 4052 7780 4214 4549 9706 912 6013 7100
7832 3527 2875 9016 8082 3827 3806 7587 9236 766 832 7461 6731 8046 8651 992 8489 7267 2738 6459 8079 8662 5501 3210 7520 793 7759 8305 1705 3771 5404 9537 8378 9358 9631 7538 4264 3436 5125
4578 4202 7036 2038 2012 6160 688 3004 5727 7956 5743 2185 7113 5483 7686 322 4082 9559 8081 2386 1263 2931 8869 1879 1308 9306 2588 8846 3569 6025 5049 8147 1305 3164 1263 4396 9324 1951 7401
6130 985 4222 8315 8099 783 7080 8421 4865 6638 7581 8330 8980 511 7199 1937 1819 6504 4526 1743 1151 1629 6793 376 4013 1035 1639 8410 358 4669 5810 6488 5655 1110 5882 3753 1893 2961 3252
7838 677 832 6167 9657 1343 4444 2673 4241 2026 7199 5985 4256 9907 3856 4632 3919 4891 7350 2328 6328 3098 9217 3895 8753 326 9777 3584 2220 3816 7915 1136 4493 8748 7303 4149 1169 1747 6822
6490 3773 5099 3553 9109 5005 8488 3740 3 4457 2169 2331 784 5267 1548 5758 5098 2953 6613 9761 6252 428 7675 7388 4921 7501 5770 149 9750 7517 8050 6239 2368 4228 870 1476 9233 9358 6296
9236 4893 9544 2646 6756 5889 5273 2514 986 9305 9127 746 5557 634 9500 4023 5555 7001 9793 6783 6750 8388 4833 4067 1835 139 6016 4390 9372 6452 1764 9687 1344 1307 3411 8100 7196 8684 1692
9261 7988 1898 1085 4623 2532 585 8647 9166 8665 9518 5949 6493 7906 1860 1638 819 1999 7654 5209 2449 4105 6974 3214 5449 8281 6625 4627 6556 6387 6320 6895 5454 8218 9060 76 749 9645 9802
993 9388 398 6942 5880 8304 9881 7518 9123 1879 6250 4331 5408 354 2383 8622 6882 1743 6326 2587 8299 2712 8907 6272 8166 8203 5331 9322 30 6054 201 1024 5441 599 9045 2399 9982 8926 9917
9104 1883 7245 4514 7291 8678 7976 5913 5559 9719 3317 9226 8017 6029 9211 4289 5274 7414 698 5674 8523 6753 5875 625 2193 7554 9671 4593 7535 9675 5588 7718 1557 2833 3310 8849 1510 1285 5840
8149 2083 9157 7374 99 6264 6584 5467 2616 5076 6166 8290 4678 3997 5244 5303 6190 3876 4973 1861 1410 4647 7450 206 7284 1361 4595 7211 3950 6960 4129 3177 9043 4364 1629 220 627 8214 6767
3244 4368 4011 2612 9046 8008 7856 4349 4197 1731 400 7138 4221 6127 4587 5506 3410 7027 101 620 976 8140 5828 5233 7182 191 6862 8481 818 6154 5247 5141 522 9258 7754 646 8344 6688 6074
2541 9499 7554 9679 3719 3680 5344 303 8169 3449 1483 9868 5504 9623 5695 736 7883 5886 7599 6364 7783 3752 2689 2924 5353 3026 1756 7079 1369 9523 3152 4989 9021 705 5746 3818 5464 1089 4122
