41 5
6684 4578 1121 6307 1351
1857 5268 7237 534 2710
5020 5366 5400 9023 718
8426 1857 8876 873 1379
2028 5863 400 3812 1608
5297 355 3777 497 5066
9394 7182 9645 1593 4567
995 4530 913 9312 5064
3624 5410 1508 102 4432
3306 9607 7368 2181 479
8747 4209 6342 225 9101
9030 6602 9456 2806 7099
4521 2199 5359 5244 3793
9926 7319 9402 839 6630
4465 5542 2039 5974 5644
7550 9280 6329 5996 2539
6808 5821 6749 4229 6047
6928 3258 3727 6383 7143
825 1982 420 6185 8306
5292 7189 5624 4693 9107
3332 9159 4648 6450 6211
1370 3999 6569 7699 1073
9108 5586 6894 6935 9815
4019 4941 4151 7746 2402
1293 8572 4385 1713 5835
2690 8085 3023 9393 2777
2130 2724 3014 7857 9174
303 9228 4251 6872 6926
5324 7059 2511 2217 3993
3404 6237 13 7555 5061
2415 9927 3632 6800 2719
545 568 803 4648 1039
3580 7857 3763 7674 5713
4015 7977 6019 9345 4849
4024 4668 2986 7614 7965
8058 1018 5280 8071 9652
340 486 657 5052 8365
3376 5597 8934 5258 244
9973 9917 8101 4815 7590
4893 9909 5567 911 9254
1494 4935 3921 4480 2549
