49 29
3567 9323 1687 4297 9664 2173 4954 5794 1616 9409 1390 549 4666 2714 1601 4583 1893 7495 2172 6786 7403 8818 8777 7735 311 3711 1656 5870 6260
5699 9487 905 5022 2252 6282 5764 5504 1235 1557 7120 644 4026 8749 5310 7819 1428 9893 791 1 3144 7577 7404 1961 6353 6218 3352 1143 7874
300 8482 4651 9787 9388 751 3117 5669 6515 8621 7983 9151 6820 9706 3177 5568 5016 2074 8075 5987 2865 8076 209 1521 6558 3250 8953 2775 6602
95 1727 6902 8578 6379 7768 9044 7130 884 5791 4724 584 3773 3874 7404 3479 8130 4050 9574 204 2124 6639 3069 199 7928 5669 6757 1177 4622
9533 7779 4717 1259 5759 4373 8717 3526 3416 6926 5490 9207 1649 7153 4059 5523 5635 8617 4732 9685 9269 4936 2887 5907 9084 4165 3834 4753 921
5011 453 1532 3868 5170 3871 9628 622 2587 4232 5117 9513 9722 4324 2240 7953 9462 8843 3587 8078 3574 4350 8425 8510 7237 4331 8672 1401 9245
4503 3402 5334 4956 6013 281 1205 9884 9909 1827 3550 5219 8023 4141 6020 3425 7461 3972 2886 6303 7560 2042 9877 2988 466 9465 225 5877 8136
2705 5121 3718 7186 1533 8674 3199 1814 957 4161 2801 3863 8790 8021 1886 4010 4040 5311 1470 9091 9277 7773 6650 1318 7649 717 1785 7113 942
8741 6327 4726 4940 44 1912 6473 9798 6190 9367 1833 1429 3246 5697 219 1266 8662 4229 6385 3972 6778 5476 3248 4550 3204 5646 3277 3921 8510
1468 5942 7250 8874 1747 2189 9998 4738 9741 873 927 185 2706 3435 3432 9482 3654 5777 8143 8962 2162 3194 6818 8717 7521 1367 2999 3166 5723
6921 2754 8270 3941 3 7144 5688 3271 7141 1504 4091 8014 2431 4276 1798 5867 8787 1280 599 4564 9423 640 7805 2616 7458 6521 137 9905 9520
4382 5627 7519 7137 3897 2539 8219 2119 9306 1490 338 810 6660 8352 4320 2014 149 1265 801 1429 1865 5365 1931 3584 3169 5626 1041 768 5763
2024 1366 145 7652 9965 8361 2627 2503 6579 5825 2887 9148 6163 3697 5807 4514 8018 8901 5742 9283 9702 8251 2226 6145 1260 5810 392 6886 7931
1160 2649 9955 3605 3873 8685 3569 3312 2390 7151 9891 8215 38 9039 4377 3735 5924 9970 1752 4824 6791 2114 5604 5041 4340 1748 7380 1229 2140
4265 9160 4379 7993 192 7985 2944 8878 1553 6256 1267 8705 6147 9483 8743 6264 4938 3556 3266 4908 6388 9170 1698 8502 5852 7818 2841 7601 5197
5149 819 540 4308 5199 8534 4501 3183 1477 4457 5815 7734 6803 5598 4959 6285 5419 2301 2302 8976 5567 7210 5363 5815 9987 3864 1667 8883 7784
346 5158 2933 1165 5698 8320 7443 4231 3899 1704 5709 9435 7520 4521 6238 3117 9480 3601 9616 2859 5903 8591 8426 4191 5032 5320 4177 8896 6987
4138 7758 7333 9296 1769 9577 4994 1168 7020 9225 6146 8724 6012 5581 7322 1611 1818 1518 2169 5419 1133 5028 2401 9724 4533 6592 4755 9853 769
4729 7918 4907 3565 5250 4203 5335 5905 275 7582 2924 578 3727 1648 6591 9308 8970 9281 2204 487 1450 8703 2699 6478 1103 2422 1010 7695 8256
1941 9543 4063 9859 5529 7629 6187 810 4042 2092 1085 1623 5016 1663 5350 7743 9333 5737 7792 8614 9020 9358 1142 7722 2057 7620 8825 5558 9710
6520 3814 2729 6062 7877 2588 1590 6584 8775 3479 625 1945 4564 3327 6962 6228 9757 5783 6639 6572 3574 6331 5591 4011 7473 3313 6068 6172 2137
1625 6960 9736 6518 9689 6877 5474 3355 9546 2057 3209 3025 3762 5154 8668 7089 3194 4895 7924 8978 2613 4495 3630 8944 86 7641 6417 3399 4787
2588 6615 6413 626 7430 4009 314 5385 9483 3670 4930 2619 6879 9034 6381 2032 7702 4548 6306 3675 2472 5283 6288 6967 9992 5232 7053 8712 2727
1530 3498 6394 9225 989 7020 7733 4999 8413 3117 4481 2082 8047 7100 39 8160 4559 3151 5861 9108 9457 9536 1579 5818 6903 9625 6888 2134 6678
5599 5940 9287 9098 2333 9590 1165 431 7322 6164 8844 438 645 2005 9565 8824 2044 7724 3383 6274 3584 2490 6809 4198 5148 2626 1100 4772 9515
4313 2528 6192 252 2894 5289 3664 2483 6455 5174 9806 3697 4018 1322 5421 7102 886 4245 224 9689 7628 6499 4351 1196 3307 8550 7423 7013 728
2194 6527 5042 5802 2718 6373 8696 9087 1116 2257 6620 7369 3141 1395 2465 4464 6817 9567 6429 1061 9792 6118 9768 7369 468 2042 1754 96 9465
8767 825 2737 6372 6946 9618 169 4397 8313 334 6592 1649 6954 3961 4790 8349 6426 9254 6244 5993 5683 7305 6863 2879 8151 5310 4426 1271 7064
5602 1814 5831 6427 4552 2202 4451 5248 3450 9927 3561 3784 6519 6289 737 479 1078 165 7984 332 6409 5055 7094 4793 1917 1051 4022 8306 5477
5294 5370 1078 7108 1200 8584 2738 4481 4113 7987 7932 4040 2626 1715 1637 8915 3532 3195 9993 4776 1178 1403 1184 6234 9576 7056 9230 626 1078
7536 6104 7451 2905 8261 5637 5184 6845 8376 743 957 7441 8675 4997 1145 1469 7713 59 5001 907 1130 9777 2086 3613 2039 9399 3188 9096 8628
3815 1252 7242 997 9782 1225 9258 5418 7488 6102 4872 8232 8139 2312 6906 4214 3457 8375 1927 4595 4454 2834 6805 4230 4920 417 7349 5397 3605
6444 5104 8499 8775 2345 574 8556 4650 9833 3973 2137 7013 9925 368 5151 2236 8354 444 6773 7807 2371 2446 2261 6284 9251 7570 2283 9668 4918
7680 4352 2440 2783 3929 2293 6208 4504 848 857 5415 5901 4073 3506 5825 5521 8658 9140 4953 180 6991 2759 3630 9438 6099 9914 8688 3669 2196
9435 9666 9877 4865 3185 3738 8794 5478 9946 4376 7406 1881 869 4385 7034 4376 209 2554 4112 427 8586 4292 7419 1344 7922 6856 7444 7835 6622
2191 1110 7135 1856 2065 1999 5041 5803 1872 1598 6828 7327 9004 9788 8197 3388 6821 2572 4676 453 6684 5103 9039 2054 3600 1462 9976 1534 8906
8889 8157 1096 9999 6370 4031 2063 8370 151 8946 1320 1749 5773 8647 752 5560 6843 5219 3460 493 9895 4992 8256 4997 5110 309 9677 6572 1363
1210 6556 252 445 8731 1329 6816 2761 3393 5185 2912 3417 6505 5740 9190 6230 6492 5828 3073 1710 366 4645 2683 5359 2901 8760 1547 3210 8436
8119 4574 9646 5753 5905 91 4483 7234 6907 7244 1705 3170 1235 5122 753 6975 5390 6983 4546 1218 1134 7335 2663 5780 18 9101 9760 8778 647
4048 8292 9845 8622 7937 5597 5605 9107 79 2839 6013 8403 5623 261 716 745 1014 8770 6135 9077 3315 8432 210 1729 2174 7069 2826 1274 6828
2682 1922 876 973 1766 576 9989 8443 6182 9096 8522 99 5108 8003 5722 6449 8719 7546 7463 7489 3681 6539 1882 3191 7829 3611 5365 4897 7516
6640 2804 197 9641 4759 1170 2485 6414 1159 927 2595 254 528 3773 6441 8531 9496 2889 7250 7041 1431 4738 1800 9049 7699 6071 6877 1310 2514
2853 9905 9154 5657 102 9873 1494 2351 2358 7908 4589 4364 1582 5922 4892 5355 2363 3423 5929 6331 672 4049 8841 6489 6928 7890 4187 2998 4766
6576 6592 8698 6481 5745 5433 7662 6697 6927 12 133 4835 4602 4497 7496 523 9390 3929 3965 2812 9859 1375 4563 4986 215 1051 1913 9184 6317
5991 5029 3972 2582 3726 1531 9406 9160 9193 7181 6086 283 7314 1999 4885 1811 9495 6488 1200 3424 1531 4012 4361 2906 8575 425 4201 704 3417
3384 7021 9408 8413 2071 3068 3218 3602 3553 2377 2794 733 9542 3078 8048 1541 9042 937 2114 5529 2137 6617 8140 7228 977 1045 6881 2481 6325
7585 5899 788 5684 6385 279 7756 9454 3497 2436 4085 5874 5231 5897 5416 9388 5023 8036 8429 5960 149 5037 9176 6767 3176 6403 8823 5300 4362
1304 1625 3025 8282 2413 8710 4666 2692 7544 5198 7269 9980 9283 3142 6289 6259 9637 5676 1281 7672 4105 7242 8901 220 7496 6746 3396 4978 6647
8696 9340 9030 1399 2365 7311 4891 2153 1977 8663 775 7175 5931 754 7537 151 7044 3795 9789 3798 6155 8539 8982 4475 8518 9202 1971 5263 2597
