29 35
2372 7367 2018 4850 9732 9330 9742 2963 2385 9483 3738 638 5413 5572 8175 5564 3694 3048 6431 7492 9204 4970 6474 3678 4566 6754 6728 9830 9352 4755 2818 2802 2122 4836 8731
2932 5244 9551 5896 7629 9033 712 8268 4445 6284 7521 1088 1056 1648 7519 8549 851 3567 6101 5608 8134 2854 3415 9042 3284 8170 2938 6086 291 8853 5896 4303 4097 5446 1277
2804 4479 1989 1071 2 9353 9672 1090 408 1319 9689 8957 2170 4334 6136 8857 3546 8991 2271 3666 2274 1520 6604 9440 2890 6536 5335 7193 632 780 8470 3436 6338 459 5587
6341 890 5258 8510 1298 6577 9277 1334 9826 4690 7470 9761 8236 6460 2032 2981 9814 4631 9585 9253 7521 6120 5666 4714 7831 7525 3183 2346 3863 4721 7933 1282 5611 4269 870
7989 845 147 9323 1749 4837 6792 1509 4151 4331 4620 7132 4144 9251 7796 4475 6772 4994 140 1485 3904 8744 5747 6250 2606 1547 5261 4967 8237 9530 5838 6225 1453 7064 5547
3202 2979 3418 5790 7130 8828 410 5341 2971 9661 4215 8525 7511 287 8665 74 4191 8487 5822 1519 2172 8448 6780 7139 6684 7388 4055 3988 9920 1118 613 4200 4097 4031 9991
2306 2858 400 7647 6908 1139 2940 5432 8651 3227 5175 8725 7419 3662 5625 8938 5834 4072 6797 4051 1835 5263 8107 5823 5183 9225 6436 9383 4401 1546 451 6707 5483 851 5432
2391 3070 8372 8902 1720 1598 4077 444 95 8818 7149 112 4651 1220 6909 9781 4134 2171 7887 9957 8433 7112 7472 7816 2591 9018 8267 9298 4500 197 4729 7970 3267 3100 6872
4987 5777 2027 6510 5873 844 3658 5985 6574 5958 2893 6354 91 6143 4241 48 4576 2431 8599 3470 5022 7616 1736 5398 3194 3012 126 2243 6279 4305 193 2344 81 2220 9934
5954 4143 3591 3017 716 627 6989 8149 719 3132 3468 1846 8787 5899 444 2256 1999 9139 5071 8476 3411 8084 8602 5654 5441 3985 5847 8865 4067 9146 8798 1099 3288 2388 5196
5083 4095 2184 3232 5893 6395 6700 7739 5181 3678 9262 8516 6756 9479 3587 5232 2889 2749 4912 9623 8190 8898 6548 7054 4043 6773 5851 6221 1139 9319 1416 6223 4492 3601 533
384 9996 7233 9202 5177 1989 8463 3692 8746 9020 8358 5056 2987 1106 9968 3688 375 9944 236 8508 3986 7009 5438 207 9227 5835 1623 5449 326 5224 5982 1789 6299 4294 990
2554 7362 531 7325 7186 9551 5683 2241 2537 7868 3288 7305 9322 3231 7541 8909 7218 5628 4346 8504 4854 1259 126 1382 1585 6430 8443 3374 3807 2736 5443 6361 98 5974 4764
7284 6603 1525 604 218 472 3892 7523 9794 7123 5063 8702 5419 1769 4126 3922 7703 5385 5128 9085 6970 2636 7527 1422 6443 1342 7944 3882 2519 3917 8646 881 519 171 1485
738 643 5377 8261 1515 3579 4403 1296 8998 7251 5422 3999 6032 807 9127 6195 8856 2841 4801 1357 9284 6143 9301 3165 8662 4297 2889 621 4816 4139 2107 6633 5861 7484 5973
7377 2141 1454 8673 2218 9784 5173 6217 5816 5980 6422 2010 5915 9263 6811 7272 8546 4032 6572 2789 3772 868 6757 4394 6764 896 6501 4475 6757 5063 447 5212 7205 2980 4963
9423 2764 136 6718 8580 7195 3139 1668 3109 3480 9559 380 2025 3590 8032 5893 8442 9979 2649 2835 7821 3545 414 2296 1381 6556 3822 6593 3760 6803 1556 4261 645 1692 2057
9225 8887 5196 1971 1996 8676 1529 3455 1779 6199 2565 8751 4640 2544 2479 8554 364 6024 8968 3739 8484 5523 7562 5077 362 5443 6633 5702 6088 9404 7760 6391 8290 4034 8362
1364 3789 970 4820 6647 7169 7385 5398 2887 1007 7877 1440 2451 4979 1486 6190 3463 8088 4830 9619 9529 272 6251 5231 7439 5654 4069 3829 5022 9182 3270 6387 2970 4240 2285
696 2487 748 7173 5374 1756 6128 7893 5286 2185 9379 1475 5648 7466 6306 6345 8074 7657 3674 3304 5096 406 8452 3 5429 7633 3273 2894 1682 7513 6258 2378 10000 7006 629
6452 9841 6757 4344 5126 8942 4801 6602 5669 3346 3986 2013 1419 2721 5688 5802 8896 6094 4253 8900 2601 2964 2172 5495 5725 764 1752 9182 1842 9838 9811 9374 9678 6567 3717
5883 5509 8519 3563 2256 1864 8628 4269 4362 1348 1035 163 244 8209 5495 222 809 8459 2394 6305 5263 4237 9136 4444 7159 51 5334 6532 9730 1900 248 5612 8488 9846 9175
1822 2788 7802 6092 7150 228 8206 7313 1551 6414 3886 1773 7224 2345 5247 4607 8687 9484 4821 3130 6642 4873 9543 4252 5681 2522 4501 2371 2088 5425 2624 3911 9293 1504 1081
6442 1732 9287 4834 3284 5701 8720 5057 4003 2143 303 9689 1908 866 4509 6118 8587 460 5660 2839 6141 8182 8419 8512 270 3843 1135 4181 4214 2639 5262 656 5451 5627 6569
9814 2406 6367 4870 6409 9590 6253 7176 1497 8198 2764 7615 6784 3224 3275 9623 444 2535 8041 8956 2805 2963 1170 8065 7177 4888 3326 8912 338 8954 6559 151 2438 4005 6101
8848 3594 3432 7102 6170 2708 9866 4864 9492 3090 9218 193 3534 1752 9313 3568 5637 3354 4738 3701 531 705 7028 521 2122 7060 8160 2274 9498 2164 9454 9424 5758 3964 6526
3006 6672 7470 7870 7242 559 8166 7435 5172 9919 6748 8741 5555 1180 4557 334 1711 5262 7362 3312 7385 5500 1471 737 6077 3635 1269 6579 471 6312 4183 4556 2983 1653 3505
224 3291 1670 8739 8464 2667 6565 8283 9301 7745 3918 9636 535 9181 8076 4926 7644 4655 6397 9460 1810 1110 1807 8389 2660 8119 3651 7216 2180 6383 720 3483 9674 3470 2221
9216 6137 9865 7498 5438 7610 1416 6152 9224 1675 4227 4149 397 8882 1624 9857 691 2734 2742 159 5394 860 3810 2609 4119 192 4409 7602 944 7879 902 160 5094 766 8737
