41 29
1231 7762 8678 2906 1989 2826 4382 1949 4450 5317 3720 8263 8059 3879 3656 9998 8768 7345 4116 38 2832 1718 982 1789 2620 2221 6883 4465 958
8494 3920 3268 7334 2597 6175 9323 6503 556 2351 952 6953 6071 294 5011 1028 3950 5009 9796 2373 9125 912 6284 1921 1894 8073 5620 5195 4956
85 7232 4528 4005 499 1861 7681 6674 2263 4183 8310 4614 6215 6341 1763 6509 1351 2791 1537 7439 2586 3911 7643 4577 194 9564 6471 9347 6263
2744 4302 6348 9976 9909 1431 475 2848 9112 8228 5111 3295 7616 803 9510 3956 2566 6018 5308 5357 7555 2746 9022 2544 1467 3598 3818 1031 1148
3164 7294 3892 8545 4720 3868 8453 6151 5422 2379 5262 3649 7491 8557 1265 8294 9145 6300 1939 6241 2686 7296 4875 5433 7397 7419 7979 994 2315
9010 3221 5479 7382 7114 5102 3180 2060 4633 9331 8561 7013 5672 2209 4503 5307 4553 3875 4452 1932 5814 692 4618 4189 6646 1129 1585 4065 9109
2579 6380 9197 6880 2938 6579 5072 8040 837 7132 2673 168 6771 9686 6919 58 5267 2225 4612 220 7756 7623 6035 9528 2240 1302 6173 3370 2887
1316 2478 6545 8776 1674 3424 1713 9332 8496 831 169 6706 4583 1416 3476 5347 8335 3535 613 559 9226 1913 8316 6848 9027 8922 9088 328 5094
2457 3215 6411 6014 9760 5186 7689 4263 7978 7020 2758 8809 7189 9465 3392 9684 4019 9818 8018 7554 1510 9657 6779 3423 7972 4705 2449 7972 3793
3856 3065 7329 7071 554 3343 7909 5740 1031 3250 3717 9130 6009 3605 7398 6552 8076 7081 570 7893 5099 9204 9403 4755 5982 2825 3805 687 6353
1776 5559 208 5920 2887 8358 6475 6230 7346 3293 8340 595 8090 8549 6604 1694 5946 4234 848 4105 4805 8741 282 4008 9223 6116 1068 3126 999
2834 9480 3854 9472 766 9775 2359 9125 7328 9668 7549 620 9087 8144 9789 7635 5827 2561 4659 60 3409 9843 5944 3229 125 1030 2451 6241 2099
5577 7241 6012 6135 1094 5484 6902 1947 8922 7105 9275 9668 4653 974 9833 3875 762 8546 9702 4403 4283 9763 7812 4126 5706 2119 4251 7816 4570
1570 993 1226 9890 7005 7361 2063 3567 5341 4010 3567 3524 4364 3235 8177 5338 4146 3131 7179 2692 2832 1581 6975 2594 472 1100 9380 2591 6430
7195 8241 8001 8188 9467 8969 6271 7906 1031 917 4326 5042 4484 7850 9406 8798 7106 5822 2944 236 4079 5636 4147 6740 2610 6742 7212 4790 7200
881 1219 5473 200 298 4739 745 9268 2088 9731 298 3005 4056 6419 8569 2984 6903 7366 1168 2724 309 1404 7883 7024 5552 4622 713 3372 2912
5503 1650 4872 7801 7123 5073 9179 2940 5818 9525 5028 5548 901 8034 682 7321 6602 3667 4223 5046 4835 8027 6435 7319 5909 3458 3949 530 5250
8400 4521 1831 49 9393 711 8251 4465 9890 1190 283 9414 7297 6910 314 6409 7593 8714 3010 1259 2937 9136 7173 2042 5570 4491 7951 106 8440
9560 5357 6839 4080 7188 7967 3472 8978 6217 9017 8867 8486 378 9359 5783 7288 9674 2191 5959 9466 6281 7218 3481 5416 5470 5523 2064 9961 3473
2170 9480 4111 8606 7397 8191 6873 6443 2742 5850 3738 1758 4717 2224 2136 4075 8007 502 4827 1276 6462 5372 7557 4758 8853 4051 227 4376 6115
1267 8928 9365 1825 3039 7970 300 2308 4842 6743 6129 692 481 8966 6488 2705 1101 1641 1790 2683 7548 4145 223 2919 1702 4981 1771 6832 6288
6147 4026 8634 6154 3390 458 271 1359 1837 3658 7281 8581 9788 9052 140 8753 5539 3924 933 7180 6793 3616 5806 937 3839 8725 3718 9899 496
550 7265 7722 4576 5898 3875 7966 7435 5225 403 9273 8884 7684 8932 8671 7814 9072 8502 3352 4074 9435 1611 866 4129 7417 1803 9047 6142 5522
8946 7717 6072 7289 6517 1726 3187 1471 9692 1700 6696 1173 2051 5579 9937 982 5328 7750 1132 3830 1102 5206 3264 3792 6072 8473 1208 8955 7519
8429 4476 7543 7224 547 4832 3741 2273 9098 5212 3043 797 1907 4216 3928 8566 5231 5989 3893 2981 7122 7723 5162 3406 2066 8954 557 538 1240
9512 9136 9670 5066 6679 6893 5613 1510 1712 8965 607 6924 3086 2483 8832 8381 6411 8476 3612 2400 2368 7672 600 1170 2833 5085 4315 1786 5642
5932 3026 6232 5067 3774 1297 1745 1746 7989 3255 3458 8032 4941 382 2196 7425 292 577 4914 8768 5268 8393 2214 2939 8993 3384 5772 5157 8778
8637 1877 4709 1662 8110 9777 6516 485 1521 8262 8475 5856 2798 7585 796 4259 9782 9300 5630 1437 5293 4397 6705 3685 7691 722 3757 2153 7573
8914 931 6209 1869 5640 8950 9979 5416 5465 464 8017 4805 17 3872 8683 7602 5747 2941 8462 6126 8572 9899 1418 4047 6603 6182 1737 8404 9939
3891 5976 9931 4822 2184 1800 461 1134 2857 6957 7678 4400 4973 3562 5496 9924 2244 3098 5670 6264 2638 1795 4835 2537 4292 9962 218 474 1698
8623 1491 6668 4598 2501 2568 7862 4301 4109 74 8237 1065 7752 2637 7117 2392 8133 7040 5715 2309 2709 1979 4948 5584 7893 8564 9876 7854 8782
349 631 7404 1841 7299 3081 4342 9868 942 9722 3976 1016 7958 6120 9847 1673 3236 3318 885 275 9033 4273 4063 1011 299 9647 8905 8863 9523
6758 7645 950 7389 6127 2791 5767 9208 8212 5634 1228 9012 688 2244 8049 6808 3170 9722 1122 6488 1685 2476 5520 5959 6539 7611 6258 6186 7594
5121 6787 4351 3844 7737 2819 9971 1607 9665 257 897 6377 1485 9910 7065 4809 7958 4951 9058 8758 7152 5545 1522 9628 2143 7481 6166 832 4817
3430 8426 9938 1295 2777 4860 111 6675 4831 1718 6339 6167 2615 2715 8731 3603 858 3539 2639 6888 2596 2476 4039 9220 3998 4745 2442 1478 1989
3274 6295 5420 1700 7312 7794 5556 2171 7905 3309 8081 701 9648 4247 4396 3441 2978 7999 5378 7596 638 3344 1271 3114 7383 1569 7112 2127 4011
9669 4116 8365 7042 614 64 4353 9488 6699 7604 7392 7 5684 8094 733 1010 2489 4174 5067 1566 630 2662 2204 3974 5012 6397 2435 6582 4587
5641 1671 5334 835 35 2376 2529 1178 7808 2016 7877 5411 9408 7884 1095 8580 8617 3184 1068 3869 8251 2635 4499 1991 5918 9552 7004 3394 3065
4664 9060 8706 6335 4394 620 7450 7849 3149 8628 5656 5165 6505 1067 5651 4388 3241 4231 4084 7504 6378 7953 5754 91 3531 8824 7089 4161 5827
1561 7227 1569 620 5932 7905 6093 6552 6433 3941 779 5060 676 7023 2643 1743 2674 8111 6063 7984 2194 3566 5440 1225 398 6611 4756 9222 3699
8918 6128 5260 6144 7697 6959 3154 6680 4131 785 3112 8072 1564 9252 9827 8588 1894 2648 2340 4 8711 1402 3277 3355 6842 4503 3753 3452 337
