21 5
333 1260 4568 6477 35
1527 710 6716 5658 1495
906 4808 4138 1236 4635
2725 4210 7283 6144 4214
7073 7546 8571 427 4388
4152 5260 8919 4489 9314
7149 4823 1652 2795 2378
1687 5401 3088 8403 1058
5662 388 6946 9801 2703
2659 3604 6913 1020 9749
2206 8093 7294 776 9600
2760 4928 4859 1679 495
5251 9907 5318 6903 2701
7697 8590 8103 1863 8072
239 7526 9539 8264 8405
2241 922 2008 9155 1943
1756 2439 1114 9051 3215
713 1810 9222 5572 4568
9717 1901 5553 6114 8804
8255 3810 8473 7436 6752
6544 8754 4277 7161 7018
