19 31
9161 4649 3839 7821 913 3359 1710 232 25 5596 1367 2062 1259 849 6210 6943 80 4004 4015 3772 6418 9017 6770 1262 9337 309 7956 8695 7080 134 868
6241 4783 4707 4061 6776 9145 5771 7008 9170 2445 9455 1232 4783 303 8521 1725 1462 2525 6819 6313 21 5835 4162 1283 5171 4471 318 3866 1551 452 5813
7792 6314 1599 2931 4168 743 9781 1176 992 2225 630 3303 7009 2012 1823 9813 4554 5427 6632 866 5449 2466 5028 7811 7638 578 8129 2582 3208 9660 9474
2078 7053 2151 5009 1220 2895 4789 2396 4966 8093 4105 8269 5101 7197 1170 4914 2829 6598 2624 3695 3125 5090 9803 935 3806 380 9065 7467 4667 8724 8020
6745 5776 170 1753 8076 4144 6542 471 9110 4634 5656 7378 814 3931 8549 6807 6760 6225 9431 1533 9350 5599 1335 284 484 2794 427 7951 7461 9152 5970
4205 6006 6141 7037 4081 284 4657 5632 9395 370 2366 7851 2263 6297 7478 148 4135 3702 657 5668 3051 6256 8083 4415 6740 876 4842 5770 9417 3993 1739
4700 1078 8959 2816 6238 322 7473 2948 795 8922 5314 8646 1184 2689 6124 1332 6824 904 1989 2492 3956 9325 1653 8371 7143 3608 4291 2912 3024 8285 5731
8804 441 4689 2698 7758 5011 170 706 6885 171 6020 5531 1355 9789 2733 3767 6612 3637 5756 182 8672 6159 1835 8121 3302 6523 2412 6214 625 1775 1944
9429 3295 7713 2126 1052 3802 3376 1758 687 3547 8858 7297 5981 8646 29 9748 6336 4745 6583 7598 4496 2741 511 2616 7122 7034 6107 4415 7660 8961 7438
8167 2255 5150 1372 3308 8953 4748 5066 718 9374 5002 8015 5354 4726 9123 6181 1062 3867 3842 8660 9442 7662 9171 3137 4784 6205 9244 9199 4943 8205 6636
3109 459 2865 4481 4846 1817 307 991 3614 9681 5993 1628 6114 719 750 3373 2860 5696 7215 1519 5138 4876 1768 9354 9660 9052 8597 9937 3994 7880 7652
7104 9419 516 1584 4264 3412 1892 5255 7026 2651 2327 8654 8765 4125 482 3216 6985 7257 430 8504 3473 5307 1350 2826 6045 402 2502 5982 4396 381 3633
1499 878 5228 4163 5143 8640 6055 1476 5665 9785 4882 5397 9629 9007 6958 2844 5991 4214 3275 5573 7688 9661 6924 1592 5705 7326 4094 2765 1721 5555 7477
4300 6433 2704 8463 2654 2422 5596 4131 9166 5380 91 4562 6087 9099 2598 8932 6168 6813 3285 1741 5579 2945 9744 7171 9729 8148 1265 3573 947 6820 1049
5247 3252 4833 3709 6986 8334 383 1116 7500 6843 2286 2061 2929 1384 4660 1860 8632 2551 6224 372 8130 9169 1194 6379 9977 9342 7644 4628 288 5542 5677
6615 9874 1588 323 6859 9923 1786 9054 7422 8629 1339 561 1557 3803 6300 4497 2434 9930 720 3885 9138 968 6158 5517 2023 5499 4239 6651 6866 9782 3406
3480 733 4995 4883 7592 5996 6669 7724 4496 5297 141 6136 7933 3944 3515 2429 7457 3444 4229 1341 2582 5197 7499 9178 8299 4076 3416 4949 2021 3197 8355
5501 5009 4428 383 2600 423 8131 1402 5998 4506 1544 2134 2439 6567 5649 5947 4024 171 175 6444 3832 6451 3943 3009 4749 9098 6426 9698 1118 701 9132
7699 5711 3559 8082 9390 5062 6213 792 1059 1797 3415 4272 4236 9982 9921 1262 4005 1171 1437 449 5003 8968 5471 8013 4795 4568 4438 5572 6766 6218 4703
