47 9
9254 86 2998 9082 1278 5259 1892 4275 9638
2688 9125 1604 9483 620 7886 8871 5413 5246
7069 8206 8149 6007 8339 1298 8082 1293 5609
7560 1451 4872 9966 1783 4959 2964 864 6237
9302 2756 1590 8940 5444 1793 1622 6006 3492
586 5955 8906 6911 3023 8190 6139 109 6529
7437 9270 8901 4124 6829 1430 74 6794 3213
5033 836 5156 2348 138 7912 5018 156 4434
6811 2857 1518 303 3444 7473 287 1433 1575
8477 7572 2763 6084 6087 2032 4984 1289 8861
6414 1364 5654 705 6397 7570 5861 9825 8787
4851 4842 8943 9286 1652 2878 1882 3034 7401
434 3321 8835 2009 2877 6406 4772 39 2493
6804 5024 3782 6743 2516 5146 3475 3222 2622
1044 9083 2446 9831 3934 7288 9852 4298 18
2730 6180 3053 130 6614 7453 8965 9702 1408
6450 5552 1448 8943 3434 7551 3803 176 66
8950 4731 4367 1571 5775 3450 4017 6685 8463
2383 6536 2760 2401 344 18 6533 1554 7712
3986 1597 8492 6473 8047 4044 7921 8068 8557
5471 1871 9813 6617 820 4543 983 3470 317
5512 8566 8081 3974 948 5696 7813 4428 6040
7832 961 8673 6622 6026 270 5113 2498 8317
235 1498 6385 8793 8048 8256 9684 4664 154
4226 6727 4703 5622 2238 3268 3703 6213 5295
9399 4025 9723 6517 2935 1762 5190 635 7788
5460 5749 1365 3776 7063 3942 1239 6934 1989
573 6617 7733 727 842 4459 5430 7544 7776
9777 1246 3988 5071 644 9093 5873 7161 3106
7635 3429 3742 6502 8889 569 7867 3744 7632
2887 4983 5645 4876 5557 3340 3687 7363 5262
9225 2793 2805 7001 2569 4051 988 8720 5774
1159 4592 2934 4266 2226 6364 8008 8728 6331
8577 7673 74 7287 559 6137 2931 6515 1693
6272 201 9056 1533 9427 2927 5417 7506 6576
9468 9573 5295 5241 732 9887 9254 4998 3191
6696 4084 2998 3027 2660 670 3101 1025 1230
9238 3957 8824 2009 1307 103 2144 3919 608
6150 9336 8114 2725 9882 7687 9099 5122 8419
63 5454 4495 3255 2150 8579 6253 5177 2317
6923 9357 3342 9232 9674 7299 9134 1682 9685
9238 4905 4682 9846 1055 5096 7960 4859 4977
6725 3958 1177 6222 4021 6632 716 7276 8782
9295 4607 5037 1611 2609 4393 4953 2919 4066
3331 2053 6828 4094 2369 2811 9856 2214 3866
4951 1252 9805 1007 7977 3762 2184 4198 7783
8816 5993 6138 8676 5287 1823 3712 7977 4432
