45 3
8255 865 9640
3973 6538 4141
5935 8512 5877
5779 9169 778
9277 950 8466
8154 6350 3876
9651 9867 1281
7290 479 4501
6131 7310 6231
8045 329 1435
3649 9663 3379
3288 3635 9917
8508 9570 9507
4384 6428 9754
6242 5704 1782
5786 4936 8132
9662 5665 9077
943 2955 9557
5444 9086 7945
2753 8209 9353
4188 2936 9015
7567 7304 2650
8562 5811 2219
8068 1274 9726
7821 7516 5429
681 3301 1443
8814 2962 7109
7890 3905 63
8525 428 227
6470 3181 9515
5822 8449 3530
4837 7094 833
8566 5656 7723
1863 4802 8997
1589 3702 6512
8097 4383 891
9541 4275 3854
6649 3244 8838
7791 1768 344
9097 8238 3526
9690 5139 3053
3219 1054 146
5131 698 5802
2854 2561 1683
1850 4150 5385
