11 41
9768 332 2866 4043 4186 593 7287 4103 9463 9055 4447 8559 8372 9052 8248 4589 3183 2546 6722 3330 7677 7420 210 530 9981 1893 2381 5210 7278 1822 8536 8125 2154 2480 2167 7420 3073 9454 1522 2535 9587
7048 2172 9037 7179 1498 3625 361 4044 346 4770 1721 7766 6060 2251 8826 9032 5711 4035 7389 7533 3649 5513 9688 6129 7680 7107 280 8212 9708 3894 8877 7834 6066 7914 6091 7564 2617 6453 1608 4043 2301
4408 2887 8361 6659 1712 7393 3449 6826 4781 981 1553 1372 1747 7682 130 9933 9041 8342 718 2934 8297 8553 9000 7289 4643 7643 9907 2174 329 5028 4476 4737 7915 3915 2474 706 2386 5923 8611 8246 6905
164 9618 8652 8925 9748 9664 7966 9168 381 1978 7465 8934 978 4753 4656 9700 5738 6830 28 765 2384 4765 8681 6300 7239 465 9765 3162 9076 8011 1145 9240 7628 875 8165 8455 538 7209 7622 920 9187
5086 932 1243 918 6667 942 6656 3497 2049 7422 6960 6814 7181 4338 5132 7646 4103 8294 6721 3192 517 7040 819 1392 6283 9274 1931 3491 7975 3930 3756 3060 5941 5000 3978 2608 7021 1713 7184 9071 9135
4143 6963 7394 8482 2094 6118 3663 1466 3917 6855 1983 956 8753 4455 8318 9106 6386 2887 7080 1394 6644 1218 7335 2722 5197 1021 821 7989 8205 970 8202 3427 7934 5595 1908 27 1712 6650 2573 6708 4583
4556 7665 3335 9011 5982 2440 6475 8870 598 8948 6592 1817 7362 392 8093 8383 1213 6081 7667 2184 4282 1093 117 955 3001 1223 3746 729 3796 453 5312 9432 8118 8647 9521 5179 2166 5996 5127 2764 4943
2797 4581 3383 3189 3752 1766 4402 9833 9433 6586 4114 525 7782 5069 4605 9006 8815 6413 3880 9269 1724 3311 8465 1449 2832 4722 4694 9907 927 7459 5928 3724 3118 9312 7992 6871 2156 3473 7782 1588 58
1896 3192 8920 8044 8876 9004 7938 5288 2883 8285 8091 7274 7828 9540 105 2550 4234 1090 4556 2771 7018 9360 6968 7408 7351 3838 9564 823 2699 2230 1961 4595 6501 880 3717 5376 962 1654 1742 3845 1017
9833 1118 8846 9373 2302 2474 4685 3392 7030 7456 1489 7468 5502 8897 4819 419 9540 6721 3118 1769 9761 8792 8271 1719 2508 4725 2681 5242 6468 7606 6259 6300 8724 5104 6751 2105 7578 2514 6576 5687 1048
8065 3154 6551 8041 9052 6970 7580 6852 87 427 6612 8879 8698 9411 2465 3423 2091 7707 969 9697 5045 8348 9500 148 5099 2683 8806 7613 9259 5571 8662 8403 9804 6291 7522 8856 3260 5101 6786 4426 6607
