13 41
5305 2807 6848 9807 5978 5634 1854 6753 678 201 7331 1905 5300 13 1789 3992 351 7360 3732 8754 8243 1101 6275 7098 4361 2454 3883 9866 9061 8359 4248 5444 2245 2174 6329 9302 8887 8183 6054 9565 8385
3385 2549 4763 4477 4338 9834 4828 2777 4644 3581 1019 5745 934 9196 105 4467 4157 1049 3528 2515 6376 50 5839 9630 6380 5140 8516 4562 2273 9160 4025 6737 1708 8789 1213 6046 9701 7121 9902 4345 701
920 89 2715 1194 1274 7182 5351 2323 1788 8946 9779 1839 4784 9408 9298 9925 7923 3859 3276 7082 8964 12 8790 7752 1225 5915 7452 9425 6895 1796 1205 8895 2965 3920 88 4239 2180 5440 6562 5048 4385
7419 6887 247 6826 7263 1250 5828 1121 4526 2909 84 4538 2778 8915 6843 9772 7446 6267 6666 320 7472 5560 3285 2470 5649 8603 4651 2167 6244 9699 7631 3662 7664 7878 488 4926 9129 6316 7126 4733 303
8290 9272 3081 8283 6114 2852 5728 3459 597 7128 2010 6157 1491 4480 2884 94 209 6130 6338 986 3760 10000 8650 2717 1566 4654 2924 7882 2859 7657 8186 2227 6928 2345 509 4120 6277 7317 8659 6874 5523
668 4109 7014 5148 6994 7108 5358 3123 4524 6344 7963 4524 6073 1758 6090 1805 4682 5051 5743 3417 4315 7970 1424 6660 9559 6623 4015 7954 5281 888 3476 7028 4998 489 3255 3070 8677 9692 7272 3200 7114
6313 8803 3186 8071 5972 6071 3831 1022 2892 7249 6416 862 8673 3075 1499 5295 8170 9453 1655 9058 2928 8683 5134 4496 1937 9283 4251 1628 6555 8531 8743 2867 7333 3007 938 4383 156 5848 5405 3049 3096
2899 4990 2847 5975 6489 9222 5223 5941 876 4280 8869 637 493 4443 3654 9776 8695 6361 6330 7225 6182 276 5636 268 2293 19 424 8141 6503 4552 1237 9403 9542 5163 6456 6030 4384 1678 1970 6339 7037
1917 8056 7530 7440 1709 7306 6134 9149 4714 4437 5331 4990 72 5599 7283 1170 7102 5424 7674 1654 7740 8155 1195 3981 4610 7226 8366 7367 274 5783 4403 3271 3838 1933 710 5547 317 7923 4696 5031 3438
1105 21 4589 6704 8383 5760 3805 4885 4512 5459 2624 2666 7734 7685 7276 4959 6050 4642 6312 1832 123 9583 5671 2056 1371 2296 3452 372 8071 8484 3810 9176 9584 8400 5879 7966 5238 763 3930 9750 7301
6554 2415 5034 4238 769 9993 1366 6490 7384 4278 6613 8045 1027 9749 495 3323 3200 867 2473 2762 5757 1648 2345 5235 8607 1390 472 9370 5320 221 6670 2952 3715 2783 8270 4484 3854 9636 2052 1237 4992
8665 9283 6019 9492 856 421 2692 1723 2894 5454 8559 5621 8879 3793 4227 268 5344 4675 5588 5565 2424 9619 358 5207 7888 5921 9061 8603 7973 1377 3594 7717 1738 692 7208 2594 1113 978 5396 5086 6433
3955 706 5311 7748 6013 6658 4171 687 2245 9736 3111 1863 1173 8318 830 7094 8458 9433 6146 9835 3026 4941 2651 4797 2148 5245 6989 3127 640 2074 638 5674 3860 5949 4501 9873 2606 8672 559 5930 9486
