33 27
5708 3620 9377 4580 5357 3522 4281 4188 7205 4494 1322 720 8812 2318 7967 7926 6542 1535 4029 4970 5745 3286 4037 6708 6402 130 2170
9391 8831 6305 4017 5617 9925 4472 196 5281 7994 5557 548 5198 1129 1870 6998 9941 5268 6043 8945 2888 7578 2974 8937 4402 7339 2973
1109 3740 4183 3279 4209 4092 9584 9305 9709 586 3776 984 6947 2849 7620 8574 8047 8749 443 6123 9768 6790 3244 8712 756 822 2764
9694 6303 1181 3745 7412 6001 7928 1769 209 3098 2432 593 2807 3018 5448 3791 1043 8297 1410 9617 7423 1237 1139 4624 1004 9008 7869
794 9765 8691 4638 536 6072 5819 5360 3483 1819 3288 6331 3108 7465 8763 4780 271 2860 227 5141 3903 8525 7630 4599 7026 9946 5738
1649 949 4745 9518 2823 5588 9287 8540 6124 5358 5437 1484 8841 7257 5851 5172 1443 3315 5013 6223 4666 8952 6450 9807 2855 6053 8516
8533 3078 8461 4270 4728 489 93 4245 4391 5682 3532 2930 1805 8890 8367 4368 8810 6702 218 5060 9224 4613 1151 5446 9279 103 2975
163 4037 106 9758 2569 3185 8219 7918 8992 9787 8011 4315 4177 3692 7847 7107 6577 7816 6552 2023 7704 4333 2242 3842 3556 7934 4993
9003 7212 6175 3056 8454 211 3162 8212 2780 7426 7509 1776 6417 7295 9788 732 1471 4558 9658 9657 2213 8552 7287 4237 6255 1619 7558
1175 5176 5491 6169 5257 3781 3422 8313 3313 3634 2553 1524 7493 9980 111 9270 6396 7406 135 8207 9956 4693 7865 690 6907 6416 7978
2222 3750 9597 9780 4925 4772 6349 2172 28 1208 5595 9420 4521 307 3052 7125 7800 3031 7236 7069 505 4642 8283 8713 5676 2976 6577
6367 961 4071 4344 4262 7821 3940 5120 3825 9792 1468 7076 898 3755 2670 1397 8276 2977 4449 5400 1856 7480 3715 3 9064 8357 8287
7776 5111 2341 5431 1477 3302 9503 6900 8643 8402 1919 3762 3305 1710 6309 381 3687 63 4130 5084 9418 8187 611 4818 42 9170 8533
45 8234 7968 9411 7088 4157 1751 2519 5635 6132 3100 2534 4774 2580 4453 8536 5886 7242 5923 7346 2008 5986 1475 7092 5404 9662 8783
1300 782 7952 911 1907 6185 9958 2396 3273 4114 4148 6871 827 1358 9971 4441 6133 2550 9973 5747 9515 7215 1670 6860 9223 8735 9415
7393 4138 154 6175 6517 937 5206 7428 3923 1390 8464 6319 5742 2578 1545 2612 4484 2904 3661 8925 115 7291 8898 5862 6805 6112 8611
4744 6413 7346 4158 4884 2562 4312 1059 158 6328 7344 8665 1329 9813 7129 7649 5555 785 9194 9246 5269 3176 3986 4194 3291 1276 3091
9154 9160 281 8843 3903 6694 7267 8061 1577 908 3452 3715 1066 9780 1058 809 2188 1950 7938 9837 7505 8723 108 7829 3992 3285 1814
9265 7655 4169 2355 7887 3329 2636 6730 7232 408 3996 6372 3064 5983 9824 7859 8128 681 9996 8938 2869 1945 6875 3784 9450 6677 4972
8358 1747 9336 1250 1011 6990 5420 4445 4877 9828 8160 1606 7059 8568 6681 4509 2710 3743 4332 568 1870 6093 564 807 40 2509 8762
3825 3038 5438 8797 2474 8264 9211 3724 9275 6200 222 4798 1076 49 2957 3761 7109 2603 1521 1617 5313 5264 7029 5882 7134 3121 6446
9021 3161 33 7782 8065 3071 4298 7940 6624 3640 7150 348 3993 3350 570 8791 5505 620 1747 9267 8808 4350 787 424 741 7130 8532
6623 5342 2731 4147 4362 5893 4181 3222 5036 8331 8599 2976 4955 2238 1204 6382 6231 5633 6952 5021 1138 8651 7847 1483 7458 3275 3349
8962 4017 478 7493 639 5820 224 5866 1261 7196 1125 4483 3310 9456 3082 6286 5489 6399 8570 1870 2630 4202 9902 8730 5340 8552 7656
7902 7089 930 1250 6050 6026 2807 4621 7745 8628 5924 3610 967 3119 4735 5450 7509 5269 9611 4873 1837 6010 3442 4786 9719 7645 5766
9527 4063 4318 7182 1965 2485 9192 4294 8535 5217 7102 4234 4040 6808 158 7650 7775 4356 3463 4303 1864 9812 3914 6738 1648 1002 179
6434 1799 8903 2200 1325 4045 7597 9587 7089 1160 9857 1382 9695 6152 9563 5007 192 6370 5165 8921 5223 9522 2384 9527 2464 3274 4519
9202 4922 6600 460 2434 8399 441 5713 802 4486 4388 1467 2653 5548 1323 4036 6321 7476 3598 1328 8747 1047 7572 7667 6270 7093 1129
6875 636 4403 1393 9838 9325 9072 1376 2838 8549 1818 9630 9352 7383 4018 1897 36 644 4300 5151 8045 1775 9828 9373 521 874 6944
9267 8224 5116 396 5098 5752 4799 7571 6668 5203 6642 8045 8041 5191 941 8749 5621 9403 2766 7518 517 4490 2896 5668 2534 5750 5496
2985 7350 7449 1007 6617 6751 6123 7013 1849 2953 1811 498 9622 7014 7140 8745 6133 2330 9686 4882 9030 166 8727 7627 684 3216 522
7431 6829 6273 4005 9814 3622 1454 821 238 9284 8023 7251 2211 976 141 2709 597 7155 9850 420 4367 3258 1184 9249 3367 1350 7975
993 3113 2270 2594 544 177 8867 4549 9992 3568 7082 1891 3806 6366 9914 2136 8577 1968 3356 2365 3644 1589 3293 4064 5956 6551 5248
