23 7
7678 4258 1989 790 7607 4584 1334
8863 4529 6963 8854 8097 5123 1823
2982 2567 2816 5118 2223 5863 9553
4588 9508 1141 7881 3571 7098 5510
9899 3380 6507 7576 8717 9575 8366
7402 5237 779 6265 9767 8821 6197
7863 3943 8021 1923 6511 1915 8120
8734 7778 7672 3321 7285 8814 2280
1935 5911 7790 2912 369 5375 487
9087 4950 9932 7567 186 1789 3831
1031 609 28 8895 5632 9128 1896
2142 2121 16 875 9899 7688 5275
8263 7580 7555 1276 4569 6423 4188
4939 1798 5754 5104 6748 6764 2670
8013 9633 7581 9045 241 8688 9018
6952 7815 913 9094 9936 929 1047
912 9697 6322 253 7276 4955 2608
1845 1378 7875 7863 4255 3628 4045
1002 1471 6715 93 1103 5374 9138
2423 4061 8155 9376 1875 147 8469
2889 2155 595 4881 1851 7996 6213
206 2951 8822 3130 5408 6696 2071
741 1403 6116 1743 3953 3909 2915
