41 5
2053 8558 3344 1286 7933
6299 2512 7481 266 4668
8076 6226 7598 7150 2439
8883 1179 2339 2012 6587
113 4083 7328 1516 1277
149 6548 5187 4144 1603
4470 7276 1240 7814 8562
9173 5191 2153 7732 5458
6821 6886 1683 4418 4036
5201 3301 5215 7540 6392
2881 7654 1554 1287 248
2831 2516 6797 8018 6660
9479 3566 3935 718 2459
3575 970 7650 5728 8702
4186 2548 6667 6949 8046
702 3228 2425 5917 768
9896 8798 9501 2528 85
827 5360 2601 8703 4456
339 9261 9102 4274 1057
1560 7849 3106 288 4656
2887 5554 7204 9554 3581
6328 255 6809 9832 6172
8656 806 6049 9235 3334
7213 62 9773 892 9844
4229 1231 9104 4409 6584
1240 5969 4432 4346 7336
166 7233 2889 7371 6786
7549 4777 7041 4358 5688
4292 3013 6494 340 2248
9828 8632 3389 9601 9524
3232 4908 1833 3415 9317
8417 4655 6364 3927 79
4778 4094 7313 7668 2543
4098 5216 8399 2218 652
5165 6510 3666 1658 7929
6993 2565 6560 1460 3244
7162 5771 8152 73 9186
8547 9569 4919 5989 4574
4999 766 8668 2311 9513
2289 7488 5808 1767 9706
6460 6932 6215 1204 9670
