41 41
2234 1781 735 5478 21 6507 4708 94 6771 4333 741 2769 321 5316 7768 1087 5062 1157 600 7352 9724 6408 197 9430 3946 7129 6723 5151 7877 1945 4426 110 4805 6241 6667 5906 2747 2453 7079 596 6786
7821 3365 7107 3136 2211 8195 9277 4447 9874 6628 5250 7360 7904 4679 1305 6112 2480 6456 3988 5504 1961 5178 1388 8202 1844 7294 2027 4298 5451 3702 2162 3271 8147 9270 7486 1436 8543 6763 5884 8416 4469
1133 6854 3452 6891 8159 9564 449 5694 4630 5954 8734 9808 8421 8014 1652 6793 40 7029 2243 4821 9191 6594 2967 9539 5158 4404 8081 1920 1366 7575 7469 3578 5507 920 468 3666 1562 1996 438 6192 7950
9172 6000 7449 7185 8731 4241 8304 6838 7564 3124 7107 4157 6092 6646 9315 1574 5805 2314 2940 4459 9783 6518 9966 1781 8065 3631 3343 60 4069 9535 9090 4319 6613 6538 1503 5343 1858 9807 3259 9422 2931
366 3578 101 7012 3971 2754 2816 6285 5694 8354 7146 3290 8320 8927 2433 3029 3348 2493 8178 3962 2661 2496 574 9200 4000 6997 2136 3806 255 1557 7816 621 5135 8996 8712 184 1749 1528 6470 8522 9882
4694 1811 9280 4700 4244 2309 8048 7817 486 3088 477 2982 3663 755 6982 1738 2891 1867 1993 4448 761 3694 661 9758 2405 846 1506 5012 8395 28 5973 4167 2918 5252 8867 8242 7561 6915 6058 9126 2
7614 2108 4744 8370 168 7561 1260 3114 9555 6788 3876 4327 8528 4712 6732 452 6218 2823 8847 7325 8796 4093 243 5126 2959 8485 3766 952 5621 2891 2034 3234 6078 6778 1603 7326 4339 3943 1518 4972 1809
6473 377 336 1184 8188 789 8482 1010 714 5806 884 4807 7128 6011 8846 6691 9777 9798 2311 3746 1831 6625 9825 9689 9307 7150 5106 3249 8668 77 6137 5141 1533 6474 7404 9721 8342 5885 731 134 2770
1615 6021 976 7626 4866 7668 8481 5742 1057 2227 7574 7682 3130 7262 6989 1358 2367 1316 25 3523 7454 6245 5056 5006 4728 4776 4426 1691 5507 5639 4461 8202 2738 5438 6906 7604 4184 5387 3346 5241 8693
1998 2923 1822 9260 990 3180 2705 2306 4284 6228 838 1608 2362 5844 6336 7138 1348 8027 3724 6988 2488 3004 9726 9005 9910 8409 3188 5296 2833 9508 5067 4831 3509 6889 5169 4499 68 8953 6806 4353 5180
7644 5961 8621 4567 2296 6837 5915 1401 560 3981 4968 3564 3707 3972 4553 3194 8239 927 6027 7747 5995 1936 1255 2883 7105 6834 2952 6057 4718 8384 2315 2361 4344 2014 8007 7719 8851 5001 9120 9412 8982
5167 4054 3767 217 8607 6961 8457 613 4066 7282 6608 6002 9616 9491 4185 6449 2442 1320 1166 825 4714 4607 6248 6728 3692 3966 5579 8693 4165 6069 8754 9332 1201 2520 9549 887 560 9084 1500 4626 7444
8108 1707 7060 7598 6971 4587 1119 9371 6833 3023 4084 1439 350 1891 5131 5395 8549 4903 9560 5696 3656 9970 6897 7255 597 7784 8894 759 362 3520 8204 8470 6306 6342 7147 4355 928 8266 3725 7761 2367
8889 278 2717 1858 6489 8113 406 2470 8751 6102 7205 9800 4077 4459 1475 2940 3353 2234 3302 7952 1516 1772 5336 7858 8919 9691 9866 8263 4495 8705 1708 3383 62 4426 6320 7630 3617 6726 99 3446 3906
7304 3245 9062 2841 4720 2001 7273 8034 6383 5224 9550 8155 1638 8487 8152 2408 9431 7493 6903 9214 9201 1364 9276 4705 7684 7984 9401 5488 8083 2847 472 6465 6092 9534 9307 1891 2614 7658 9925 8997 3961
552 8230 5599 117 7460 8007 626 4952 5988 9841 5231 7352 194 1015 6114 8179 415 1601 6261 3262 2073 3805 433 2686 3111 3403 5300 768 4406 5375 5808 4958 3604 1407 6155 1063 492 6781 7094 6481 6621
3403 4911 6816 4418 1025 4994 5913 2626 2333 9175 5779 6138 686 9544 327 4089 4843 2175 8495 1296 7983 4532 4900 9390 1765 7042 961 8546 5214 7442 6246 8617 2352 4140 4114 4456 9134 26 7083 2545 279
3940 8684 966 3483 89 6134 9405 2264 5708 700 247 1318 6679 715 3083 4799 1676 2707 1091 196 8953 9708 3628 3092 4900 8084 3304 4926 6245 6929 6285 184 6691 7251 4746 6780 4463 4150 9045 170 5929
370 1488 3686 2164 5650 8485 4920 8358 9576 5116 8389 362 9823 2560 5262 7907 5864 1267 5230 3871 7552 6494 561 5881 1239 7342 343 6469 7465 1593 2397 8914 4160 7163 1077 889 5647 5997 9247 6302 2192
8714 7743 2014 1273 4083 999 7138 5350 6230 1008 3980 2723 2649 939 3962 9991 2362 430 7455 3955 3907 7447 9194 1069 8524 82 7795 5600 407 5175 7792 9122 2917 9806 394 7001 805 8611 3429 7035 698
8489 836 3347 9428 4798 4416 1789 6308 2949 6823 1293 395 7096 3441 8919 7178 1235 4518 8665 6411 3388 7786 406 4273 9259 7407 5078 8949 1915 3191 9647 403 4027 4072 9831 9904 9567 2699 7290 2515 9522
8583 2910 6617 2023 2907 4874 4338 8505 4617 1827 2971 3481 2233 7244 2739 719 3400 1687 2634 6591 2412 4116 1696 7563 5025 2679 7129 7724 9969 9644 8325 9631 3632 6020 2732 7619 1972 8149 7202 6589 9976
172 69 3288 7417 3888 5086 816 5575 8799 8487 9067 2914 1261 7708 7939 3940 4837 6742 4988 5559 5066 4618 270 2164 7350 7889 4137 5499 5090 725 6553 5262 795 919 3757 4683 6005 5653 1336 4803 4139
1481 8796 5400 9190 6735 419 5105 3476 5407 663 9621 24 933 1784 8453 9901 5921 5030 6069 7726 2662 2410 9600 3581 6167 5361 665 1819 6697 5468 5958 9258 4264 2437 8447 2077 2856 4630 6632 9342 5293
7331 9366 7306 9115 8897 7206 6115 3927 3275 4919 7668 5685 4518 1248 2930 9879 1913 4750 7654 8461 1786 6911 3803 5302 6436 6959 9237 1065 3590 8578 7438 1999 7943 5822 1113 7919 4106 8307 2924 7381 3225
591 4144 8822 2918 8154 8700 5911 3982 7433 5450 5768 5422 9253 2149 1858 7290 1385 4002 879 9964 2518 2878 8985 8340 5070 6903 2446 4456 905 905 8760 1496 6129 7582 4415 4282 7360 1404 8264 5871 6854
5110 1293 7185 7259 4230 4474 9724 9311 6432 9687 1829 388 9750 1247 5458 6653 3693 992 8637 5678 831 133 2885 8413 5627 7167 6851 7031 6509 3801 4963 2697 5094 2147 1035 9324 6621 758 8634 3052 1523
1541 3440 1272 2789 9977 9004 7561 969 7641 4317 1800 8853 7202 1291 4479 5447 9221 2588 3034 3021 7551 5732 9194 9698 6767 8517 6318 8604 8230 448 126 849 3888 1398 4717 3864 1481 2278 5912 9122 7674
8791 9053 4876 81 4610 1401 381 7198 4436 3402 5827 167 2596 5524 8013 2191 2920 6616 1499 3368 7821 2349 8335 297 8145 3277 1778 1501 9190 1978 9176 7980 1030 5130 9141 5640 6531 9522 3916 2045 2923
9743 2212 6598 6345 1303 9869 343 8998 1367 4790 6818 4795 3124 7116 2940 6402 9973 4441 5591 1951 4695 4649 4060 9825 3789 779 7435 3310 4695 9480 7313 5517 2771 4989 1861 4074 4857 2205 4151 7304 8074
968 3177 1198 9163 6117 8679 9136 1637 5348 2165 7411 9997 6225 7236 4865 7004 4670 8175 2778 5228 6566 8295 7999 1555 155 3152 7491 3439 8382 4794 1513 9350 7972 3790 8513 5167 2468 8727 7883 7816 891
5294 8891 7116 2529 3755 5199 8278 3009 7977 4584 9575 6271 3662 2208 7505 7893 9700 2023 6274 5572 3536 5623 4622 8405 5214 9790 872 3940 7672 9767 4831 4044 8657 3026 6573 2412 8225 5929 6500 7280 1592
7153 4629 5254 9362 2133 3146 139 5235 9420 6790 8771 5042 1412 7175 1335 1201 9126 6354 9952 8892 1185 3996 8628 5290 1647 2118 4593 8656 8618 1872 247 5770 7580 6580 6210 791 9726 6349 6027 9145 3139
4797 5265 5630 3051 7679 7910 3255 4033 8940 2147 6297 2935 774 1586 5662 3971 6179 5396 2588 9130 6722 8358 6709 3301 5647 7500 3026 3074 3526 3249 7292 9403 8514 2921 3532 6193 830 6787 1304 9771 12
7601 3784 1865 9187 524 5836 6444 5920 8424 5573 2641 7861 3360 5942 4586 1938 46 7660 5465 3295 4952 5946 2888 7873 556 159 9783 7343 1463 9553 8435 9064 4415 299 9329 4940 7215 5772 1938 6717 2423
5659 5656 5783 1600 241 8800 2726 7902 4264 6021 3932 1288 8909 1804 1844 9068 2665 266 530 2217 8701 672 7712 78 0 2651 8372 6851 5668 5089 9274 1326 1823 6135 4006 2065 4935 6732 1045 277 2752
4977 1566 2740 7860 4489 1807 525 4755 3417 3821 4534 5168 1532 4613 5169 5262 2984 2019 2009 9152 2372 3335 975 8507 7341 4119 3441 4072 5164 4798 7904 1219 6364 643 157 852 3529 682 6687 6946 5583
1220 2114 8194 5833 8362 3456 9897 1459 6544 126 3831 9879 1101 2338 7220 5220 6858 2370 1462 1655 273 2681 9098 1995 2839 1029 5525 4600 7716 2470 182 8936 5663 8377 5848 5103 2911 6823 6563 9455 6949
393 411 9130 3810 7631 4349 1747 1080 6891 3402 2432 9572 3579 4428 3489 5687 9953 8090 4481 3501 9351 3416 243 8806 342 5346 1716 8244 1908 2249 5193 3381 2661 5401 7191 1370 9750 16 3529 6640 4498
5962 7291 8077 389 1858 3763 341 9948 9323 4921 377 2738 5164 9183 4160 510 1978 3482 3497 4227 9754 6878 7967 5154 5148 9338 5983 5164 3945 2622 9662 9907 991 8817 295 2850 3658 1715 3876 2980 7716
4253 6798 2879 4515 2036 3389 6493 5518 7966 1798 5272 5922 844 425 2148 1260 6408 8392 5205 109 9132 5112 2179 7949 6486 5029 2685 9281 9985 6745 6996 5316 3542 9875 909 6657 4343 8481 2174 3387 279
