35 41
2202 29 1457 3462 7516 9849 8667 8704 8980 4857 883 8007 2422 6991 1771 1702 8054 8516 9777 3370 3136 729 4279 9793 6151 2760 3045 9538 4118 1570 8847 6320 2678 1382 860 193 1230 605 8898 1288 5463
859 374 7885 7850 2145 665 6983 660 1520 352 3796 2249 5710 3588 8401 8470 7712 7938 3666 9282 7863 9986 3038 9245 1924 4311 1553 2530 3208 3921 7993 5146 4295 6956 4074 6440 8700 1056 7100 1298 1408
1974 3547 8198 6641 3026 6667 4352 2043 1412 3634 9906 2476 7751 229 4401 2061 1782 6931 6348 5703 6002 1493 9998 4036 5568 7516 3814 7703 5694 5112 190 7668 8659 8388 4308 2764 6133 8661 4807 7545 3373
4712 21 1123 4941 4422 4264 7803 2431 611 4584 9512 2105 5661 3547 8752 3176 7361 6454 8871 3551 7723 7617 3288 6110 3004 6052 2243 1664 858 866 6116 6650 887 8318 2669 6388 2581 471 9898 3193 6135
9409 6377 1795 4034 5128 4971 2473 2660 4920 6024 383 3616 9313 7572 6620 6443 893 9363 8381 1760 5478 5030 3726 3795 8778 1193 6377 9250 2169 648 5384 1578 7025 8258 6691 3231 3228 9165 5891 9228 6267
7353 2843 6658 6004 541 3101 6897 9904 1481 9736 5381 7590 4541 254 6367 5734 7710 6695 8982 8358 3157 559 6461 1414 8330 9692 5722 7494 6662 4949 3760 4014 8871 418 1096 9412 4598 7994 9315 6079 8808
5774 3668 3348 7107 1113 9082 4817 7809 8064 4253 965 9702 714 2380 8031 1484 8102 6603 8146 4129 1442 3239 4078 1860 4335 4568 6458 3407 4961 3615 2215 734 8362 5563 7841 9475 5724 3736 7283 4866 7990
9328 5646 9783 1707 4756 1266 887 1358 9413 6095 2800 2651 1251 5739 8065 5819 2196 1472 779 6890 3687 1513 5251 9250 432 4726 6052 4169 3087 917 3237 2414 7643 3019 5200 2398 4285 7166 4835 3697 3260
7636 7427 4511 4453 5492 1408 7729 6964 2187 4618 1729 4779 9870 978 6291 5674 8110 459 8761 105 4775 2254 7748 7794 7454 145 3157 4620 4981 6855 8959 3695 5360 4549 8148 851 5957 5876 8894 9224 494
622 4002 1442 2680 292 8195 789 1830 8034 894 6605 287 9722 5477 8821 9867 8635 4519 5926 6568 4556 9621 1927 9105 7769 3858 6141 4723 2751 5364 6296 4453 9366 7738 7133 737 5932 9001 3646 3966 973
251 5332 694 6807 5231 561 6520 9750 7566 3087 4306 7187 6094 4489 6034 1030 629 756 4860 5993 8132 9313 6438 5869 7524 8254 2880 7603 1899 7925 8577 3229 4335 9271 36 9567 910 7635 9316 8477 1801
4700 6742 7895 9190 2775 3 9819 4610 5942 6891 2741 6334 4407 9690 3857 2660 3648 1460 4559 2651 1115 7789 6986 385 8904 6552 2375 6538 6947 1930 8339 1646 8672 7312 1914 2525 8394 2812 8214 4336 9703
2034 669 5188 2802 5605 7848 6450 8144 3485 9101 9259 2352 7165 723 2334 3717 4177 8873 1742 6107 8290 3388 5857 6681 6382 8382 5074 9194 7674 488 9975 9708 2236 5162 2509 7842 4088 37 7064 7573 9138
6323 9926 6303 8125 3338 1098 2301 2210 2840 9487 1579 7307 5343 8260 3688 4803 4412 3960 2476 5980 3934 3263 8216 9096 5772 6057 3183 5810 3121 1835 6026 522 2839 3407 9726 6177 4505 3105 9467 8424 2591
1045 6810 9013 383 1576 4894 5874 5537 7370 1853 9471 1711 69 9646 7484 7205 3907 4372 1404 5742 397 3005 8581 3805 2730 5837 9389 6914 5303 8892 583 7427 6780 9596 7810 8356 5568 3683 4971 4017 6616
5521 5728 6685 5166 3211 4968 151 8662 6373 5894 9060 9378 5553 3943 3187 1389 4410 100 7771 3301 684 5197 1159 1358 3006 9516 6927 7769 5565 943 4384 1085 6671 2147 7330 961 7115 7482 9623 4566 4454
9761 3944 6 3703 8210 2475 9193 8310 245 3572 72 5443 4732 1431 9528 5326 9437 8375 890 379 3837 3055 8129 5984 384 168 4178 8945 870 8744 3398 630 3766 4484 5413 1975 6959 4605 1364 8283 8177
1436 4804 3987 3946 5411 9313 3382 3785 203 4840 7623 4337 2969 4685 5800 4216 9942 4745 5086 9765 9222 6796 3530 3705 3287 6585 1742 8971 9028 1104 8226 1542 5908 2213 5489 2397 1525 9950 6183 2807 4790
4884 7144 8838 647 2944 3053 589 8768 9219 1432 7989 7093 6041 2773 379 3704 5594 428 2731 7777 8654 5353 3685 866 1920 6082 3471 1869 3343 7357 6659 9306 4501 6575 9954 8524 9629 1621 7291 9926 3053
6358 7018 9094 9131 8476 3877 5804 8904 6608 3580 8636 3039 8344 581 4959 5505 4052 6829 8848 1408 4566 9233 6988 1141 9186 5511 769 1885 3880 1773 6017 238 9870 6189 447 9424 65 6251 9406 7753 910
8041 791 9254 8622 5751 4758 3752 2579 4685 6240 8224 3917 3227 9365 4181 9818 1212 6066 3697 2985 2082 5014 3933 8271 5462 3356 8337 2791 2761 7168 3701 1881 7959 4034 502 4788 9871 5334 7367 5634 1573
6670 9551 5879 6034 4810 5696 7247 875 472 231 4036 6565 5244 3386 3105 8600 2801 5897 2440 9969 676 5400 7927 5789 6981 2715 5660 2314 1160 2372 4966 7830 1923 845 4943 7812 7620 2189 9767 9171 3499
3802 5736 8743 8267 8841 8422 1067 5816 1940 2114 7572 7340 1120 3360 4320 4914 98 6635 6074 2471 1600 4983 5473 3524 1004 3284 1144 3193 4129 1393 6692 7932 7129 6514 6198 7049 4935 8345 3943 6875 458
1514 4214 1578 5954 9613 6492 7131 7326 3645 9602 5 9707 6153 3529 710 516 5752 3903 4645 7146 1673 3655 5353 8187 932 2401 4200 9277 7424 1074 813 8938 6367 3471 5970 5980 9963 3101 3305 4686 3781
3310 4392 1013 7919 6181 1529 3670 1162 7253 1894 2836 908 7248 2101 2919 727 6302 3274 9230 8455 4087 9247 4822 7558 5216 1880 8600 9396 6264 3285 4256 653 8757 5269 8572 4937 7877 3320 7179 6208 6294
1093 8195 4620 3194 1113 6426 574 4387 5656 9030 8475 4902 4930 7111 1196 6810 5710 1671 3073 74 5927 4805 8831 2274 4455 4846 150 8855 3103 6358 5148 4196 5632 9768 7391 6745 7272 7965 1132 2927 8073
685 8908 3002 8875 1183 9812 5664 2854 3964 5738 8781 9848 5647 1054 4303 1571 2283 3157 4675 9720 8305 8871 5351 9151 7340 3175 7501 6384 4307 428 4456 6071 414 7459 4945 1597 8349 608 4451 3391 7425
4310 3239 3071 6443 7542 5722 9805 1777 1475 603 1160 345 5954 1389 7686 9129 8890 5148 4514 396 9604 584 811 7062 6609 3487 6490 7217 9018 9881 4642 3327 4198 8792 849 2818 5592 653 4595 7067 1256
5755 8492 8290 7144 7256 8497 7113 2403 4090 7509 2006 5753 8320 147 2361 2886 6637 9579 1903 7596 5299 6309 1794 5169 8237 4612 1840 9970 286 8907 1225 6041 7398 593 4264 4653 169 1376 7056 4259 8885
141 11 8284 288 3452 2248 8004 4109 4151 5599 9408 1538 8472 5655 9776 4163 7495 9745 4449 7481 2048 489 5957 3721 5832 610 3890 8287 8745 9228 8251 8886 317 6534 252 3769 8782 8256 7878 4011 4934
8364 6628 3405 5098 6403 8647 3671 7226 3095 2230 9275 4664 8188 2995 495 8798 7964 9862 8621 8270 8112 7507 9666 4645 8838 3435 4505 7094 2391 9595 3106 1834 6222 7590 8011 3704 6237 1681 929 9332 3912
203 5074 2099 4277 5570 1975 3319 5431 595 2667 3542 9181 2333 9266 8019 6847 4849 6191 9238 5522 375 2150 2822 7965 160 6526 5280 1842 7456 4612 6833 8738 764 10 4094 6334 3064 7413 2843 4738 80
7464 4998 2413 7808 4095 9260 3735 1364 9576 335 1739 2805 3158 9704 2965 9684 4984 5886 8218 674 3797 6956 1438 3807 2128 8852 7950 9541 2773 2688 699 1316 7686 4191 202 1780 4529 5017 3144 4105 5352
5962 6910 8510 6744 953 9273 2806 6840 8569 4559 636 6603 7077 5523 8731 7007 3472 9351 9780 7239 49 2174 4924 4241 3456 7783 8770 8473 2005 3953 3824 7967 1941 3413 5790 2895 3764 8596 813 2332 3155
2528 8936 231 8051 7666 7238 2602 7016 8096 9841 8145 270 4765 2385 4805 3626 2233 3277 6711 7266 8180 4677 9207 1592 466 3180 6435 141 3993 8768 3296 6522 7703 3527 5651 6447 1843 8253 4542 9939 8094
