29 15
3937 6150 6092 7563 8383 9369 4273 6727 7549 29 5934 219 1574 192 6655
1715 5265 6501 6090 2865 5282 9617 8516 1728 1459 6769 7349 2477 5941 34
3764 9878 6184 9857 8519 5646 9225 2792 2372 7852 3900 9385 8072 5474 9578
5805 8269 4842 3384 4358 7707 8666 5054 7301 1472 7592 5148 8822 68 1088
9935 3833 965 7198 3689 9485 2843 3992 3355 6294 1844 7255 5679 994 3807
6335 7878 3154 2255 1261 8592 1040 1005 4724 8341 2477 3394 3489 2377 3463
4577 2312 8375 6622 9510 3142 7185 3431 8213 539 803 1135 8873 7561 2129
3758 3895 1085 6913 7229 3425 6583 8269 4430 1306 6610 7987 4700 1177 363
9242 5754 3754 8695 3454 4342 2915 638 7773 1128 2256 9656 2263 1128 7216
4393 5966 2190 6557 3957 9419 9983 539 7688 5491 2924 5376 3477 8703 6553
3841 9024 3385 8674 7718 6840 3016 633 8557 1867 1761 813 1522 4024 3020
8739 9496 64 928 7132 4021 346 7114 4560 9113 2604 8563 4488 7161 7266
2119 2080 6289 5505 753 5085 3423 3769 5718 1979 6716 8558 3871 8238 3661
7971 8055 4235 8035 61 1366 3135 408 9559 8774 599 3242 7337 5088 402
5681 7207 2482 3048 3790 4314 8133 7213 9163 4930 271 5878 4566 5221 4115
8227 3191 2170 2462 2305 3310 4907 5440 3718 4466 4213 5397 7708 2628 1563
9189 8309 9849 2749 2435 3639 7063 568 851 6225 6577 2201 2102 1142 7423
7297 9370 1692 545 2910 5076 3855 7817 1594 8653 3361 5808 4049 1068 9515
5612 1335 7824 5460 4084 1337 9099 1147 1905 1029 7372 9561 4309 553 703
1731 7850 1151 4503 8395 5140 9579 2249 4035 1173 901 7397 8060 4950 9544
7574 561 879 6476 7101 4963 7814 7278 7189 797 8307 4561 1437 2616 5114
2140 5426 4042 4370 1007 2436 588 1665 4685 4623 3917 5587 2019 3055 1615
2642 1707 3256 3521 9263 356 9563 7076 8713 6752 8952 7020 2391 388 714
8584 3607 7219 2625 9056 9306 5061 9644 970 824 4267 4887 7490 7365 9021
184 1085 727 3440 4606 9990 4875 5248 8144 3587 3078 7096 1685 5469 8563
3478 5131 3249 1776 8835 2304 1081 4974 3027 2051 5798 8373 8017 4367 5737
7037 4551 6823 7764 9070 2507 7754 5023 8834 5897 8610 1911 4071 1374 8459
3713 4852 3589 6962 6628 2423 344 8788 7397 3371 838 4274 1743 9934 9720
8560 6970 4270 6461 5813 3339 46 4645 8362 8881 1620 8050 791 6771 502
