31 17
3317 942 9308 7681 1116 1551 3664 9340 4586 7497 9144 7951 1812 4303 5233 5730 4681
2093 8515 6908 3770 4618 3979 7775 5782 5830 2747 1644 507 2956 9746 3824 4977 131
1504 6093 1682 6247 6511 7348 3743 5655 5298 6634 1036 1609 2363 6796 3702 1957 3703
8551 6575 8761 6326 2356 4590 9073 5079 5097 3107 5904 0 9163 7114 2583 5256 9876
8831 2845 7223 3652 9579 2520 1365 614 5208 3728 7410 8910 6764 2191 7460 3338 952
4864 5694 6621 5015 1852 2797 8122 7756 2797 8364 5948 5380 4698 5823 5289 7543 3045
20 7122 6644 1385 8815 1851 6192 6225 1839 2956 9495 378 6294 1525 5242 3067 8147
257 4919 943 9458 3753 4819 8900 9701 1277 3597 5524 7646 1140 9648 7666 8262 6292
9051 7076 9222 6321 4379 1061 9277 4953 2518 6650 6478 7760 9717 4624 9096 5714 6646
9633 9467 2543 8532 245 4900 2129 5769 2545 4348 6496 1289 3688 2787 1418 763 3087
7739 6222 4148 7016 1174 7745 3665 7652 5505 4460 3355 5679 173 1079 6390 9640 4702
6001 963 9602 9209 6733 3225 3556 3228 4514 7244 7094 5932 9086 180 3670 6386 5408
1764 7560 3152 6508 6291 9736 967 724 6494 1140 2882 2883 1858 7584 9963 2822 7185
9171 633 409 3805 4940 4923 1048 2033 1933 1213 3292 5604 7599 8700 7368 6238 2931
3876 3607 2666 5922 5410 9160 7063 8292 3122 10000 5876 3084 2821 4139 3334 4533 5628
7139 9473 1629 9267 1505 3563 479 5877 245 9157 4576 7613 6473 8586 2567 1158 1252
8490 6568 1490 6631 5939 5691 6630 2893 8776 530 7032 2109 5063 3738 326 5615 5368
9593 8199 9 71 4075 254 307 9731 8946 6780 8316 2592 9018 9568 1081 5585 2137
8791 1523 7828 5420 4416 7682 7029 2527 869 2092 6265 1196 7707 2711 788 5905 3799
860 1059 4053 2246 789 4078 104 9105 6670 9122 8673 8830 4707 1888 7620 7309 9716
4118 2804 7398 1147 6410 8267 4318 2674 541 3103 6465 1330 9008 263 3269 1145 5396
5515 1934 552 5619 1039 7222 4741 790 7130 526 2678 4749 7835 2393 9946 1717 869
1092 8127 215 5410 1880 756 8513 9424 2086 8600 9687 6434 9745 6161 1948 1679 6713
8647 2718 5013 3387 4587 2142 4992 7265 7970 3905 736 7916 5623 2685 86 4828 2900
5497 6708 4735 5088 6131 7901 3687 6897 4334 4511 4136 7362 6190 849 6008 9987 6941
473 5652 162 5465 2916 9211 9370 4731 7126 6071 7416 7213 899 1394 3788 7607 6130
8876 4817 5109 3642 1713 521 8153 5849 7883 5421 7777 4969 6486 5797 5442 2137 5959
906 6132 6248 1355 862 3374 8505 8279 1665 9404 751 5453 8090 7960 5407 3985 3068
9049 6777 3590 8280 3704 2551 3700 1481 7521 1264 8357 2962 4480 5394 4948 611 1641
7382 1474 6094 5886 831 7759 6369 1582 4290 5537 621 9698 9522 3689 9825 6298 8358
9184 1 909 2883 2561 9509 5227 1996 2470 9707 7390 8497 318 9032 6957 2871 6204
