13 25
3963 290 7442 9332 5827 8063 107 6427 1752 9933 3803 1188 194 3804 3176 4156 7445 2684 9383 9441 6234 9090 7910 4730 486
8020 1687 4436 4223 5609 9217 9265 5899 6658 8597 2804 4721 8704 309 7552 9715 4112 8740 9909 8995 1916 4065 6439 4600 4526
6959 833 4694 4868 6643 6259 2887 8330 694 7110 5017 9911 6375 1994 6569 6050 4798 2368 5832 5107 9920 6626 297 8659 6534
9292 574 1677 5731 6254 7283 2689 8166 1976 8636 4808 8236 1522 4216 8930 9711 9233 9920 6085 1226 7567 3213 7103 9935 9046
3288 932 5671 3585 9591 3283 2877 1244 6040 9687 8577 3322 3454 6742 6377 2089 1550 4612 3611 5766 4621 3321 6078 5619 485
8383 3185 3698 5486 4198 3822 8774 5130 9493 3438 5799 3855 6315 8122 9895 7080 6698 4295 533 3440 671 2622 6069 6363 6233
2913 983 632 8991 7681 1117 8453 865 5895 3938 6142 9717 3790 1271 9210 8307 8149 3064 5700 6271 4037 2779 2968 8332 3312
7487 9003 5934 4634 5365 3245 7548 7427 4957 7617 5107 7153 7148 7051 3047 1085 3192 3843 5955 4463 4131 4261 3691 7195 9962
9962 2310 3819 4008 641 7132 2574 722 4144 7208 6088 8469 5834 4593 4504 4530 9701 1656 1677 7830 5783 3842 1022 9626 9797
6564 3756 5136 254 2029 6176 215 4339 1074 4224 6059 8206 7877 6781 3428 5084 3947 2975 1997 8541 7479 6527 9320 9136 9283
7149 4918 3124 9250 5622 3999 5814 9378 214 6068 1406 6390 7363 5745 7464 2665 1803 6748 541 9663 1255 6704 3610 4230 8701
3229 2788 6306 3627 3002 5589 1854 8999 8713 1104 4620 2712 7997 3997 2926 5143 5403 394 2505 2226 8938 6249 5108 6764 6790
4770 9098 4573 9459 4407 3273 3766 7195 9580 7393 1275 6247 326 273 4959 1430 4893 8750 505 9969 2754 5648 6450 4228 9233
