19 35
5481 4862 1007 3350 710 105 7923 169 4512 2274 3935 2785 2932 2407 4060 9179 2733 5412 4138 5242 1383 3966 5747 1351 6721 2473 8880 948 1705 8634 5192 7187 3495 6199 536
4205 7383 9538 5453 2973 1811 467 5758 4744 2874 896 5001 6686 7387 9139 3006 8770 4184 8753 1199 904 2304 78 1852 4010 9791 8123 2275 3285 4321 3890 7491 2783 3427 4022
5756 6317 4489 2593 1060 7363 3489 6062 5127 1955 6279 8133 724 462 7964 3003 2445 268 4160 5376 4278 3951 3498 7632 7236 8899 1521 5805 1681 6027 9828 7437 2343 4316 29
3404 2758 4598 544 7885 6553 7902 6018 8356 9444 3981 2437 2967 5328 6598 8344 684 1627 1841 8316 9942 1818 9837 5747 3499 5863 6653 2015 9286 2047 2044 2689 5884 7721 4312
3769 5352 3292 865 4787 2735 5925 7224 6782 1253 4900 5125 1937 6527 8045 1332 6469 9864 2247 3294 3362 9190 1025 5377 8475 4151 8501 2242 35 7300 7633 4883 2652 924 6827
8518 4739 2751 5741 1520 5083 1720 6645 8100 8247 5768 9432 5794 5631 2757 166 72 1946 2270 6528 420 6422 6107 3741 7536 3407 1373 2418 7138 2298 9245 5655 7037 3074 1395
9636 9237 3115 7359 7336 2441 3126 7846 9314 8758 602 559 9909 2549 2829 6436 4048 329 2543 7790 7865 7029 9163 1361 4166 2539 1684 9821 654 4759 2294 289 3995 6489 7648
2409 8 1853 254 9322 610 856 9881 1597 4484 3789 9112 9612 4118 1654 7401 3062 9762 7642 4423 3927 181 6108 3747 1914 1945 7121 2204 7019 3609 930 9428 3617 2783 760
4017 4472 2695 4977 7148 7180 8766 6260 6791 3962 8993 5270 7024 8755 2911 1447 2681 4171 8634 7508 6086 578 4628 9369 7597 9316 1377 8103 4011 5240 8863 8028 9712 1557 4083
6860 8737 3927 4198 6606 7890 3190 1875 4913 1944 5866 7439 5705 1115 6072 4291 8280 7729 9998 7648 5325 9313 104 3427 3323 5344 2289 2429 5055 4926 6513 2993 4741 439 7191
1347 9408 1460 4301 5400 3404 1245 2838 187 2361 9990 4478 640 7718 4475 9368 4122 3787 9472 7549 8189 4815 917 1697 948 5843 9289 5021 1662 806 3290 3009 214 4750 8390
5614 9234 9635 9531 9421 3074 598 3899 4794 9396 9453 4161 3517 4319 4711 2144 2507 9526 3061 5283 1552 9983 4571 6573 1645 5378 9864 5733 6671 4613 5201 2284 4925 4836 2893
4346 8989 3492 9324 3782 2887 8776 9022 7483 4173 3732 9627 6681 3257 3767 3042 4810 4828 7614 2461 6473 4070 2324 3285 740 8017 8486 4103 4020 4400 8075 8366 4468 2645 8768
8250 6611 8623 7272 4093 2795 1003 4799 554 5340 8566 3597 1228 3393 2289 3689 945 7438 7093 4230 9257 6188 3794 4438 207 9274 2512 9653 3741 6237 8420 3069 2847 7042 340
8020 916 2423 2818 1470 8842 1383 5067 69 4776 8435 4837 5721 5872 1929 1029 5128 9196 5903 9566 9404 6255 3157 9056 9996 9394 8554 4143 2240 6675 5563 1338 7591 7986 4156
9061 7906 5539 5207 7975 1394 4720 2811 8194 592 5820 302 6799 5015 6205 7444 4418 2459 1679 4552 3533 1072 4185 8755 4391 859 4317 5730 9529 3381 9886 9668 1286 6504 4874
9261 7898 9595 3151 6091 1265 8971 6393 9143 3985 3676 6586 9483 7214 8265 5113 746 415 9298 9502 4807 1235 4897 1615 763 8279 1500 431 9565 9083 6384 9905 6980 7057 3055
4150 8322 2025 1621 7465 7089 5298 5129 7650 2511 4473 3842 4337 4888 3139 4917 773 5454 9814 2388 7296 8092 4968 7727 8736 4050 5190 8640 2109 2246 1694 6259 1647 4798 7880
9112 2965 4256 5319 1694 7847 9792 5536 2183 4680 9754 8179 5453 5207 7992 8921 3582 7163 3888 1308 5898 7938 6498 5616 46 9824 8389 7384 1470 4265 6343 1660 7230 598 6979
