45 25
6081 414 731 9902 6858 2555 940 1748 5180 2807 9299 6333 4561 5403 7127 7420 4140 3679 4330 6293 9084 6178 6986 970 7131
4400 8595 7662 6031 2239 4586 3190 2653 5318 4170 589 8952 6190 2337 4131 8997 2715 1542 4636 9197 9748 2055 3336 4505 7464
707 3588 3642 8772 4558 772 3171 3152 9514 280 6470 4099 4550 9123 9417 9799 791 9447 7067 4207 4656 6063 8001 7277 1777
7197 8103 4911 1611 2607 2375 2319 6195 6017 1090 1831 7868 5341 4983 7381 6700 2531 2559 2328 1654 3054 2127 3524 2501 272
7731 8236 6336 5732 5513 9192 4007 3615 4103 5619 7302 7557 7938 3496 3573 106 5328 2519 5447 1389 979 2147 5000 3538 5554
6654 6592 7681 1256 171 9033 8987 8408 6447 5797 4999 5638 883 9693 819 6502 6994 8376 5518 1569 3027 5624 7976 5547 1071
443 7605 4297 5443 2221 9851 3175 9892 8611 4431 63 7643 4497 9550 4089 1372 5627 805 2255 6398 1625 8757 3392 0 4274
6040 3028 977 4015 9654 2048 5537 8337 7424 980 557 8353 5234 1527 8042 9666 1590 6763 5241 2218 1930 6613 7845 2736 9948
5322 4361 8704 8714 5440 4057 5832 9547 5034 9847 278 8161 6462 8615 6663 8521 250 6094 3755 1778 4136 4499 4447 898 9740
6666 2829 7431 5589 6644 7378 910 1004 7161 702 7523 2296 6534 7070 8409 7459 7348 7648 3921 7042 4310 3520 8371 1482 7275
148 5618 2852 4596 7596 3670 2340 1503 1101 9008 8147 9558 997 229 7797 2778 7752 92 9313 5900 9580 7850 3248 7227 2849
1368 2615 6370 9739 4098 4723 9888 794 7576 5562 8390 1245 8981 971 3425 9067 9118 2983 63 425 779 2842 9257 1951 3233
5156 1530 1082 9483 8758 5011 850 2451 1380 1668 6549 7182 2634 7344 4757 8196 6812 7082 8255 7784 506 7321 7980 4568 8464
9485 6427 1305 8741 8378 5617 3896 986 7778 3379 822 2788 5308 3274 5247 6976 901 2429 9610 9324 7186 8884 6136 5346 8217
4998 5853 5538 4056 420 4001 3540 6847 6385 3359 6303 2001 7256 8369 9779 1713 9191 3646 7021 3543 8893 5076 4445 1321 4685
3768 9587 4648 982 4932 2864 7059 1863 8402 2194 3363 3481 6813 209 944 172 7592 4024 8507 5960 4882 219 6229 8528 7240
9773 7420 3394 5296 9821 8080 142 485 2727 1125 6496 5591 9263 8360 5072 2535 1722 9632 9349 3010 576 9521 1680 4600 8027
8719 560 9325 4948 9088 7643 5799 7587 1037 1094 8486 9117 1236 8971 2922 3440 6545 9592 2703 5983 4663 5238 8784 4295 5665
2873 5950 6264 4553 1628 4290 3272 2189 4693 9299 2355 2336 5097 9942 3373 6191 8427 3568 7427 8476 6490 1946 6100 7160 4649
2082 1823 965 1945 7197 6631 4818 4225 2894 9371 5853 8264 3721 8042 2956 4098 1476 6371 9195 1417 9744 6464 923 4390 4970
477 1958 6916 6577 9119 2643 9739 2020 3608 1683 9217 1317 6501 3441 5291 6950 372 4633 1750 8415 8668 6927 969 5039 7201
2386 5861 3664 4388 1330 8634 5945 3288 6628 3600 2406 9271 3338 5505 3958 6100 4721 6354 3679 9241 1644 1708 9614 7356 4537
9107 6024 1463 75 2141 8664 3540 9081 2328 7929 410 2040 3873 4778 8669 7473 8263 9018 1890 3768 2975 7990 9568 9330 2748
8809 2052 4456 9501 487 8993 8607 7590 1534 9761 809 198 3300 9890 3605 2307 1379 5645 7259 7236 5392 5811 5498 5489 8780
9266 8464 7848 9913 8872 595 8721 2003 5051 9300 2490 5122 8985 1158 6657 8745 1967 7934 3123 2935 1538 6510 4314 8262 3768
1549 4733 657 8127 221 9437 8471 9764 7285 8383 8636 8959 8182 1717 5089 7481 5286 210 6465 6444 7946 6288 9490 5879 490
2424 8496 7000 6739 6758 1846 9367 2569 3583 7493 2790 3019 5964 3632 1382 4346 3346 341 3607 5063 5430 1087 1427 6719 8632
7871 4665 5998 8439 1622 6488 863 118 4566 8681 7955 6413 8047 1602 1074 5540 4392 4093 2582 8024 6555 8007 2449 7975 1613
7512 3404 3780 8940 122 3490 7889 5866 9488 6328 8568 7055 8270 8686 1620 6950 7719 9112 4996 9321 185 1614 4791 5358 5275
3893 1912 3282 6342 9887 5974 4933 4369 9754 4951 5570 4322 3918 2515 3810 1324 1082 864 9594 846 3563 6543 8565 2675 2618
8964 3939 5311 3754 9297 586 8726 2287 3868 6147 3252 920 1079 7621 1753 6030 4270 6075 9948 6785 9885 2351 7867 1827 1944
9792 5391 9567 8356 9145 2184 8398 3083 7495 3230 3459 8081 1955 5746 3027 8102 77 5027 259 8777 6780 7368 3046 2854 8395
909 3818 745 9855 5645 2689 9646 2114 2255 9080 1258 5518 7477 5421 3013 706 8880 2172 3741 5704 6279 2921 5781 1305 4260
4558 8085 1627 8683 2017 21 9593 5835 766 9447 2559 4535 171 4673 6790 9251 7011 3387 6728 3510 6400 8513 3468 9651 3332
9172 7008 7333 6032 8313 1592 589 7476 3219 350 572 4320 9943 6407 5086 468 44 9621 639 5797 7490 9890 3886 876 7696
7396 8355 7288 863 9084 619 1113 6092 7952 7145 5483 622 8813 4038 3842 9164 4610 8162 184 2095 4326 652 3219 5026 2370
9016 2515 2260 2901 4470 1034 1375 3903 8322 3317 2986 20 4430 156 7972 1575 6719 8595 387 756 3515 629 6445 2755 814
8540 7081 1466 1758 3185 3837 1852 6779 7176 5832 1248 9289 7207 6230 7611 523 295 8710 4954 451 7760 7608 8249 7433 9074
9005 947 9704 5449 4781 517 5068 1862 3062 7905 6126 7978 836 2905 5153 6668 4153 4442 3875 1462 3131 5477 1757 1840 1509
3287 9600 9117 1536 7033 9270 1619 9059 8973 8148 3840 568 3215 6781 3630 2198 2906 1608 3034 5811 7840 9703 1043 3360 4656
2505 7570 132 5341 9410 1642 8628 88 1837 163 8200 1106 1783 8337 78 9931 3255 646 4224 35 5356 7501 4021 6964 535
910 4803 1316 1953 8164 5972 5537 5733 7183 877 6222 8825 9506 7389 662 747 6667 1768 3609 6082 2926 4618 9338 4651 9921
451 6 7422 4472 8049 9036 5383 2852 351 8415 2094 7402 3952 8906 4584 4829 6206 4488 5413 4673 5150 7240 1339 7997 848
7422 2001 6546 7838 6653 6466 8289 7738 4966 3840 5787 4001 301 9718 5431 8716 1811 2832 3746 1795 8496 9655 8002 2983 5067
2674 8133 3385 5093 7208 5313 3593 288 1858 1430 6941 9403 797 5757 4369 4637 1543 8370 4938 2339 3801 4733 4150 6633 8479
