39 47
8133 5026 8111 4279 8779 7322 7664 3871 5609 4055 8543 5897 5913 9973 3916 5316 1849 9673 9685 6486 2295 8054 2503 4634 2933 8315 9864 645 7872 7967 5773 6005 4071 4963 1362 2849 3363 104 7800 50 4160 6342 5947 1151 6315 941 6467
9243 1693 7230 6807 3988 6363 9310 9701 9296 8703 642 9941 6575 9688 6793 3658 3758 2834 5020 6608 7276 6203 4407 7327 1441 748 3273 2593 8142 5294 9060 7384 6987 7369 4191 2053 3731 4579 2832 3026 4361 4554 4046 935 4241 838 5672
8000 4751 1770 4607 2026 7973 92 9353 9415 1919 3705 2007 61 8999 2145 8524 7064 9514 3793 9117 4323 9452 1948 7350 4891 6502 2474 5826 743 4391 2576 9822 9142 4346 4428 2246 2318 5599 1599 2811 7518 6383 5897 8658 6460 8043 8261
3523 8635 3132 2639 2958 2583 5666 1386 7474 3247 3860 4378 5069 9330 6954 4890 8471 2378 396 1795 4697 5995 3394 8587 4591 9777 4484 3249 7315 2526 1509 837 2239 4641 3476 5197 8304 221 7662 6856 3468 2600 1234 8537 1929 9267 3426
1478 1645 3822 3274 7421 895 6668 6007 5486 7524 490 8735 4838 4095 1322 6755 6335 7043 230 2610 5346 1530 272 2201 4998 2872 4514 3534 4802 4860 8039 7359 7584 2939 632 6083 3834 8380 2089 9321 6982 3659 9134 2898 8833 1535 9653
6246 8578 962 8857 3923 2492 207 7203 7491 3079 2796 2103 8960 8735 142 7398 6318 4160 8030 2400 7995 7488 5568 8394 4469 305 7527 8447 9139 140 8099 5384 8718 139 5319 3719 2632 5526 922 1201 9685 4797 4383 9723 3531 5604 7120
927 9765 6229 4406 7759 3716 9974 7231 9265 279 5836 7711 496 5977 6888 5880 4694 7028 2278 8414 9660 7804 414 1939 8567 6290 6322 8290 899 1926 6488 1826 1690 2716 6232 527 7512 7284 7758 6776 8642 3593 5565 9138 648 2452 6097
5343 9480 9454 4835 217 8336 5249 2156 6903 1538 8479 6271 2437 1483 3837 5342 3173 7633 2652 4779 5144 1014 3615 2998 9657 8287 9642 9873 8936 2093 7048 5357 1573 7580 191 1790 5916 5440 5026 3897 8057 3504 167 1572 4987 4004 7993
9239 1636 644 5096 7859 1658 8711 1935 2393 8076 1576 3345 7011 3670 1471 3446 6322 9052 3637 9191 6046 155 4216 9943 8212 8799 109 862 4864 5192 8855 4102 7908 9499 276 5766 2236 65 7702 5708 8142 9278 131 6231 4026 2682 9678
347 2812 3314 9539 8858 3470 4833 8800 2760 3632 9988 3623 8496 5179 2477 3677 3086 3055 3953 9932 6370 5098 8712 3156 3239 7989 4367 548 3094 7049 225 3441 9861 4619 4058 8718 9168 9971 8596 1927 3602 8583 5550 3176 3761 9107 6853
7927 3240 1885 8937 688 6983 7648 3844 1300 6715 8211 1848 9809 6338 3153 4329 6198 7772 9466 5994 6939 9436 4589 9945 4116 3171 6574 7293 8012 6759 5224 7017 9999 8188 5953 686 6249 3600 5609 8628 1393 4899 476 1202 1236 3629 6610
8514 2479 6075 4507 496 5511 175 440 705 4425 8093 9077 3515 4851 5380 531 4849 4646 7563 6614 895 2241 3302 9523 3635 8201 1077 5916 515 5785 2525 107 8264 8600 5694 9839 5189 5869 1358 5895 1372 9451 6050 4888 4302 1429 5419
229 6076 4061 6844 8050 6302 145 7572 9937 9425 9729 5852 1018 5513 8377 1126 4856 8056 7899 4694 3244 3767 7131 217 5139 6582 6268 1105 883 8776 6525 1112 5930 585 9035 3979 7966 258 2630 7903 761 2358 4833 1780 7871 4289 3985
3805 2344 1883 9579 5588 6729 6709 6885 2946 3290 4231 4052 5252 3006 1655 7444 8937 2240 6478 3994 1284 7816 6624 9187 8577 60 4020 1435 9011 8309 6499 2815 1731 8382 2393 7319 6189 9103 5282 9136 3471 9513 4266 8724 2519 5921 6167
2534 9240 3723 6528 523 2617 4231 9711 1194 4291 4809 3708 3301 4196 207 7196 5927 9668 9589 4324 6936 9770 685 6071 3241 197 336 1964 3795 7336 9210 6329 6575 4011 3936 7098 6629 9246 7887 8902 3536 2695 2609 7917 7970 3895 6191
4975 4642 6858 378 1577 6628 1063 8727 9869 1260 9063 2911 6135 6398 3199 2463 4051 7210 7478 1148 3838 6723 9036 2739 1338 2809 6428 333 1858 322 6524 6833 4964 3381 8290 7620 1087 9353 6346 955 1692 6487 4945 7827 2884 8144 1368
6935 5354 8847 9163 270 6648 8198 3010 7986 2085 516 9398 3943 838 5921 1855 6882 381 144 5580 1468 9498 1926 3503 2268 8413 8448 1173 2376 6592 2541 389 3024 2466 9552 3294 9115 8828 6304 8179 913 6820 7577 5935 8738 4576 7790
6698 4957 7935 2277 7505 8511 4203 1007 1857 3695 9455 3030 6071 7125 6650 7539 148 9117 7091 3443 9310 6997 825 7488 7910 8725 6143 4924 8541 719 2713 6317 6755 1726 8594 4259 1315 3876 5266 3172 8650 4721 6202 4720 2924 3931 2258
3073 3047 427 7595 3435 7425 9499 922 6413 8223 8145 1336 7842 8864 5129 4158 5618 6855 3831 9878 9250 8786 6222 2421 7435 2021 9703 3233 4946 3633 6570 9098 7759 6998 6692 1193 5501 7269 3194 2992 5492 2417 4329 4412 1280 536 8571
7978 8470 3480 8934 7719 2265 5155 1219 9700 7177 921 2932 3201 5633 580 2298 4470 7578 68 5663 4157 7337 9936 7150 3907 2353 2557 8320 4712 3093 7969 3768 2641 1448 2701 1439 3713 8936 2658 4491 7191 4658 7423 391 290 8003 3768
5839 6660 3836 2580 1895 1172 2515 9045 6159 5947 1601 4478 1738 5773 2446 5506 8415 3894 8208 9854 8686 8222 3590 3176 5412 8248 1677 6882 9617 758 649 5455 8497 5564 8035 392 7815 1628 9437 3973 8655 2117 8451 392 7890 1975 5898
7383 6948 5184 8315 5633 3405 1904 9888 9896 151 1564 7856 846 2323 9584 6301 1898 5147 5414 2290 4041 8122 1727 8014 6776 3844 7544 7168 1733 597 4144 195 7546 9329 8510 4257 3812 414 5224 3708 1644 6788 2642 2491 189 2226 8792
2088 8452 5285 4378 2492 3406 7184 1585 1260 1027 9129 8428 3840 804 2571 4035 8350 2978 3623 3686 6791 4037 8910 1577 5682 6776 4219 8173 8045 7524 8043 1211 5976 4406 6668 9547 7812 3852 1131 150 5958 1338 8578 876 2143 2228 5990
1571 5206 9614 6336 1996 3650 6324 4652 410 3100 8872 9662 2223 6395 7705 3434 3449 3189 101 2996 1001 5032 5206 2230 2069 6545 808 2945 9767 4115 8936 2416 399 8549 8753 3475 3277 5076 8127 3688 9255 6998 3349 1477 4472 2132 5990
7921 5322 6092 916 7402 2202 7202 9632 4271 3746 1518 8296 4591 6712 7231 7007 7112 6858 5759 586 134 1914 9792 4901 1168 6790 9330 2646 2340 1461 8636 260 7862 5806 2256 5263 9088 536 5974 4437 4282 8571 2732 9952 5283 9963 6958
2394 7899 3796 4059 8034 5710 3850 2934 7957 1718 2263 1681 4058 4804 1396 5398 2665 8281 8733 9008 7368 9269 6060 1805 4629 4630 5616 5659 9913 6658 2616 3385 4556 7491 7444 2589 4279 1294 6603 2236 4091 9945 4996 9229 5827 6392 5705
9572 4673 4437 9658 2040 4784 5717 4924 491 346 540 6150 1338 8277 9845 4723 2832 7336 2167 6501 2693 4540 4182 6008 9710 5205 1004 8938 1032 7396 4642 1682 3147 157 1339 6267 4941 8135 1190 5432 8481 2809 2660 897 1085 2505 5621
4997 919 8867 1497 3612 4485 5679 9621 4194 1962 1703 3132 2994 177 8853 5755 3325 9011 7094 9592 5030 5228 781 462 4788 4670 3122 5685 6834 6706 2384 1830 7625 2329 4406 1237 6814 1163 1936 2087 3126 3639 6298 7199 3816 5150 2954
8220 5239 1126 7811 269 6355 9672 731 2221 4341 4932 8985 2253 1638 1369 4084 9263 4777 9569 1578 1591 732 4593 3678 3858 8232 1054 1056 3127 6204 5089 1346 1443 6216 236 1712 3649 9908 3522 5870 5327 9533 4854 7580 2249 7302 2742
2591 2079 2311 4169 4749 3043 8763 9506 6901 8073 559 9036 2278 7842 4125 4704 363 1419 4940 3154 5068 4847 7755 2016 173 7288 6870 8832 9537 5251 1574 2127 8409 3885 7376 4236 6928 7217 3741 4907 5289 5379 3942 8647 4299 9146 3350
4663 564 9369 7817 6711 5294 6651 8727 5467 3938 6676 4298 4553 3005 6951 7760 1413 835 5135 5649 7763 2351 468 3748 8719 6926 8770 7365 1224 8994 1793 5887 9559 1161 4783 7348 6455 1433 6075 3000 6450 2750 8378 2081 5755 5328 9841
8247 6164 6054 4974 5005 9484 6521 9833 8203 3446 8602 6646 4670 7595 9519 1636 8232 1758 7498 5580 8214 9 2733 2292 6459 6562 669 9619 2316 7077 9460 1641 4319 6592 6615 402 6076 4214 234 5357 7660 8836 3081 3408 7510 2599 5044
5741 4358 2541 2399 3650 3629 5132 5942 87 1693 7691 785 5088 4767 244 7808 164 7915 5501 566 3990 9715 801 425 7374 715 3507 782 8225 6106 6905 5045 1542 525 7444 5192 4154 3655 1134 4242 5348 9904 6106 1515 5749 7429 9323
5913 5343 4824 6479 9334 4538 8359 837 1912 9075 4344 3773 8378 1529 677 3422 3071 1202 1945 8264 5357 5600 476 677 2026 379 6783 3541 6128 4211 2864 2040 9554 7688 9598 9966 2225 7957 1882 5216 8110 6226 8989 7566 7755 9667 2067
826 1947 4012 168 8383 690 644 9060 2716 2102 6921 6258 9309 2210 9122 2427 2843 7888 2024 3887 112 1059 5769 5329 247 1995 4317 7814 828 5062 9881 1654 8089 4971 2901 6471 5661 4624 6610 9456 6726 4609 5713 7113 6820 5913 9540
9663 3800 2643 4628 4992 3702 397 320 5029 2392 5716 2842 4299 1857 2722 7033 9946 7693 9934 7495 4432 4558 5183 3887 2362 9793 679 9476 6612 6592 93 7353 1471 2736 1980 6463 7518 2377 6783 2546 5848 3577 5388 147 5434 9189 7180
6458 7960 8192 3953 2391 2749 214 7357 6191 6 8036 5666 6618 5707 5759 3970 7178 9575 7030 3640 8171 9407 1501 716 6334 5078 7183 7560 1591 7450 5818 8049 6488 4009 3080 8879 7838 3295 7314 4028 4380 5350 9694 998 1056 6531 6047
9313 7184 3076 2952 5354 3562 5532 7149 974 1688 5410 8534 3279 2859 4351 2407 9347 9439 6566 9304 7276 939 7697 1303 5320 4125 996 6318 6260 8607 3443 5572 6869 7599 9603 2223 1160 5134 450 3213 7901 5861 1746 1180 9799 7176 4666
224 6614 1231 606 3890 2171 8303 5193 8570 3506 7269 5966 9766 6954 9409 5337 3822 8086 6018 7124 9246 1151 7575 3537 9053 4514 5283 1311 4312 3537 5977 5615 151 8287 7301 5120 1536 6682 312 105 188 8660 6071 9954 5613 6559 6370
