15 41
2387 7638 4969 4618 5212 8506 4749 9726 4868 6060 5117 8405 3115 1810 9635 1401 9111 4754 2938 5793 5067 3043 5981 4805 193 7013 418 6752 3382 932 2474 5770 9649 7443 387 4861 7028 5136 5665 1895 2274
1860 1378 5389 3671 1013 7869 3860 5767 806 9653 1912 4929 6712 6718 6201 3725 8215 2952 8186 225 6505 3955 9874 3948 5421 4734 2054 1635 1478 3949 4988 3338 5327 376 8088 6340 8246 1948 3186 130 2679
5098 6138 9392 1815 2338 4195 29 5290 2380 254 2874 7415 128 7901 3914 5941 9955 6629 8498 3903 1616 2915 308 3072 1002 7728 2396 4029 913 2526 6709 6011 8665 7179 8906 1002 2452 13 7372 5911 268
245 4404 1475 8146 9398 8495 9179 6026 8072 3081 8721 986 4468 1792 3067 2195 4188 7097 3108 7794 4884 198 6458 3141 9104 8539 5593 9117 6989 2582 463 7234 6987 3017 6458 6384 2591 5636 3488 662 9796
2208 1648 4264 4001 4715 7538 9268 2890 646 7061 7774 1923 4597 1993 1026 3136 7586 1221 124 168 2764 8438 7155 6860 5974 4617 9451 1610 8105 1191 2484 312 2839 7827 5392 8634 5365 4660 2602 7090 2799
376 9013 7397 2369 1117 532 1034 3417 1735 2281 6181 172 514 3041 7226 5131 3570 8836 4314 4762 2398 4626 8680 225 1097 7313 5590 5757 9916 3758 8556 1370 2770 7031 4818 4966 7563 6931 8383 377 9212
4564 1628 9726 8684 8854 5935 2253 8768 248 8094 1166 4875 6774 2470 7051 5165 9139 3886 6159 2896 3520 8608 5666 551 3426 631 9193 356 92 9570 647 5735 1198 372 4418 51 6308 7751 9899 6556 6923
1064 2509 3696 4613 638 8862 3751 4524 6099 6647 8045 4707 3391 8596 8133 5101 7788 9568 5193 8437 1293 928 713 1666 6425 1843 9053 5254 1741 6687 2177 2805 275 5873 7418 913 5813 2247 5438 1912 8894
3482 7698 2284 3156 6909 7385 2022 7555 3657 458 8849 4585 2250 514 1009 4094 645 7343 5835 7332 9520 9720 7607 6471 8216 8521 3363 463 3958 5275 9357 8519 4051 2720 2753 959 104 4775 8514 3761 6313
7362 9425 8563 8955 1513 2656 9600 8856 9571 8011 8375 9290 5617 5924 7505 5216 9287 7968 252 5640 8404 9850 9691 1123 2602 649 2306 8457 242 7147 4769 7604 6571 4410 7638 9163 8146 7237 8018 7716 6326
7471 7005 3022 3395 5588 8238 3760 4635 8491 9401 3038 9419 9091 5240 2021 819 7546 477 1061 4692 6325 9744 2342 1813 7381 1504 9959 5697 601 8753 2022 9151 6836 5044 2545 2424 4361 6306 7059 2851 6785
1175 2269 5875 6415 5369 6694 5039 6925 8834 810 3249 8578 3152 6142 5958 5735 7179 2733 6336 7011 4756 6566 3846 878 9111 7349 5239 6495 5486 9169 3279 6661 2517 233 4154 7886 8006 9194 4811 6840 3
9139 5417 3155 6359 2453 9969 3538 5187 7384 548 1021 3949 5473 1899 4138 2822 8218 633 8308 7386 4991 6048 9903 6303 201 7789 4309 9395 3678 2227 9398 3895 8723 3631 254 2254 3600 3792 7441 2062 5419
9541 6011 891 2519 148 3713 736 1860 3100 9201 7931 9148 9104 4233 9349 7971 9621 8744 2727 1847 9220 6622 569 2851 6876 2824 7530 1746 1343 9592 7165 1963 5602 9136 5561 6829 2848 7376 8690 5948 6576
6620 5095 6758 1931 5523 5807 2631 4266 9613 4478 3485 6235 6127 7415 4189 29 4944 7015 2451 5614 5258 5493 1215 4393 1053 8045 8321 8429 7813 5347 6084 5511 1521 2841 8521 7044 9728 1151 2388 9340 5630
