27 9
2835 4367 1921 3943 389 8936 6394 6004 4193
1887 8298 9666 4019 6342 9065 2448 5233 4411
9611 743 5932 3530 9265 4054 3257 1494 6442
3676 7124 3394 328 1037 7761 2249 4980 9229
2263 2453 5232 7536 4340 3530 8280 9438 950
7344 2964 6184 1754 2574 8006 8766 6105 8349
2819 440 9844 340 5195 8046 3734 5524 9084
2573 8852 5142 1801 2194 7595 7034 9730 1934
1642 8009 2451 2592 5352 5415 9855 8185 7990
7861 6950 5173 7288 848 6692 7131 1188 1887
6256 4922 8490 6418 7495 7341 1559 374 9535
9155 8487 342 2167 128 8351 4618 2721 4781
33 2575 2966 9102 1514 9916 5353 8803 1842
2044 7012 3030 3931 4346 7952 2420 763 6525
840 2323 7979 1453 1477 6465 1796 3644 6594
1225 9342 9315 6007 9375 2968 8973 9555 5562
9967 4907 4364 1809 6951 2454 4839 882 6801
3870 4381 7564 1473 6300 965 530 7754 2442
6996 9550 7166 4668 1853 6507 5061 7860 6960
8029 7911 6514 3590 7878 1420 9033 765 8371
2566 6683 331 9367 1631 5792 8009 4184 2091
8975 4714 9845 2495 2788 472 9661 7456 2326
6167 2516 185 3126 1624 8097 9640 6293 7053
2138 5326 7818 509 7892 5579 1919 8337 7211
7711 6345 1394 9803 6398 6108 9647 8894 9976
119 8554 7431 3524 5800 9948 3709 8926 1571
2884 9645 7864 9937 1782 4268 8833 3370 3238
