25 33
1574 1622 3000 7920 4095 2802 4317 1281 3528 4289 1256 4726 2843 8688 8250 8643 9714 3037 8647 2363 5922 9370 1305 6937 2231 5574 6849 5601 8812 1260 1969 1465 3961
4970 463 9135 8851 5859 415 2378 148 1672 7104 2991 1438 5353 2712 1151 8391 1358 3514 5391 728 5898 2327 2959 1471 9176 9639 1362 1514 1608 2827 6554 6578 3290
5688 6507 9149 7183 8886 9297 8855 5989 3366 1371 2421 6078 2522 811 8516 7115 6202 9244 3012 9608 3281 5563 9863 3998 6925 2455 5606 830 9010 3262 5199 5776 9770
5426 2958 9734 5802 2891 5722 9168 4262 8143 6325 7863 32 4840 6056 6234 5162 147 6921 8443 5710 6783 2440 3713 9238 9126 5622 9326 3466 820 6181 3235 6246 9139
2968 2047 2030 9770 2294 7371 8991 8619 6313 9024 3458 2368 6336 8620 2515 3256 8141 8225 1117 1659 3016 1434 784 8638 1838 5330 9458 8019 8565 6783 7158 2612 8830
266 3460 2202 8716 2450 820 5028 1473 4278 7397 8889 3976 990 2144 2116 294 4341 4855 3310 5775 6718 3027 8692 2047 3563 6711 1691 345 4947 4303 254 6292 8842
2456 5007 1291 4356 1114 3844 8634 9590 2732 3689 579 5955 6884 873 295 1738 5263 7149 8457 8290 5841 503 1852 3630 2194 3277 8577 7576 4610 4868 7496 7066 953
8788 1421 2067 2631 1134 1656 6442 5902 3315 2396 2785 4188 3771 4524 529 919 4059 8819 7839 5641 1750 2547 8915 6106 1123 7569 715 7070 5065 8860 9103 3852 1360
2248 7562 2494 4984 4003 9475 8299 7478 2259 3565 1248 7862 4095 3247 2999 3992 2164 8641 5742 4712 8634 2926 6914 6202 3641 3984 1266 2501 4165 6197 3861 6413 4837
7434 1396 8840 6908 773 7397 245 4339 9724 8108 9513 2970 2185 3504 6214 825 325 925 9459 3251 7839 6740 7972 2901 8006 472 8145 5282 5412 4558 118 3924 7033
37 1910 7807 7434 2155 2145 7157 1341 1657 1206 3527 6240 7420 5431 6565 9424 5969 895 8341 2708 8867 2321 1792 417 465 7074 5829 5023 8272 831 3135 8309 2741
941 6821 5975 4165 5056 8396 6901 6262 3001 3140 4760 8432 784 4183 5479 1679 3603 9266 545 5924 1058 962 6389 9211 7870 2491 7482 8701 6705 6869 2520 7646 3689
8495 2889 8746 7969 9790 6086 969 4008 846 480 4792 6108 5959 6471 789 6304 7016 6713 7362 9057 4181 7651 6926 7751 6212 6705 4455 3080 9225 3179 7849 8799 6068
7673 7846 6936 3758 8816 943 5683 9296 5736 2870 6333 3285 3659 2636 301 1451 1076 436 6711 9807 8442 4461 6018 5146 9995 176 5450 4252 9104 5327 319 6776 3172
7255 1613 3066 9277 8375 2361 5012 1244 9774 8298 5983 3488 9678 8513 4565 1192 5223 4371 9634 762 1467 4780 756 2722 1308 6087 2905 6635 6406 9681 885 4739 2372
3952 4015 747 7392 106 3070 7165 9483 131 653 9160 8644 6297 351 4945 667 1064 5707 3213 5844 7542 7014 7152 3628 9919 4865 1112 678 5750 6930 3050 9702 2024
4876 8173 3209 9026 5337 2691 235 5990 2929 9959 2286 4359 4903 4032 5423 1689 8324 2345 9231 5338 575 3938 6335 5440 5050 7013 2269 3059 63 3049 5083 6018 1221
8292 5043 6559 982 6358 3627 4990 6316 6993 9349 1218 2103 4772 2907 1506 8196 3217 7923 8772 7155 4257 5290 3283 1270 7559 6342 2412 1687 1424 8430 2908 794 4552
545 2855 909 5252 7845 8304 3323 7194 600 6505 3044 3508 8011 2318 7804 5933 1089 4958 1269 6380 8241 2539 5017 5662 6030 6704 8165 4459 691 8960 89 2315 1814
2077 8646 738 380 1968 7932 981 9553 2054 5568 7563 5451 3371 4575 6541 9408 6923 3999 8727 9462 94 4388 6570 7878 2553 1028 8569 2591 2197 1962 4405 5353 1687
5143 5734 4734 4153 7794 4286 7286 4440 2928 2737 7811 8582 356 8297 5504 4355 7023 6044 4449 1411 2613 2326 5043 4720 1973 7634 6917 5015 3117 2270 6702 9340 9083
1435 4571 7955 5722 2936 2394 9729 6752 204 8310 8187 8501 3813 2541 6602 9857 8069 9092 3548 1474 4134 8268 4526 2846 6264 619 7043 9613 7321 7461 8695 9836 3110
6649 6636 7125 9043 6364 3876 325 4673 2062 9905 9565 5682 6506 499 4830 5598 4047 7383 810 3393 1908 4736 9657 2528 2857 9269 927 1396 9042 762 4506 6769 7398
2710 6890 4840 7665 8294 591 806 8198 155 7567 5783 1733 2396 2459 5780 9779 4348 9174 2766 162 9909 6373 3019 256 7300 5494 376 8063 1079 7146 6539 3789 5114
1379 1453 3408 3049 3338 2684 3205 905 9546 4938 3301 2004 1797 4159 7432 2049 8004 7594 1957 4376 1692 3292 1675 7186 3669 816 8265 814 8435 3132 5928 892 5665
