19 27
9003 3099 8225 9908 2644 3163 4288 5728 6039 9526 3159 8088 7529 1831 44 1904 4602 3337 4658 1788 7006 6554 1131 8899 4988 5343 5905
6959 1007 6320 899 9 497 9125 996 4220 3366 6363 9948 9405 5888 4185 7492 3416 7096 8615 6399 1697 3030 1056 4564 1114 7610 6775
1091 3676 2117 6997 634 3124 4395 2613 4212 4892 1737 6287 190 6182 2649 1217 5586 8537 5402 4156 3031 3576 2770 9430 5274 6880 1565
916 7994 9175 7691 9086 3930 9808 7161 4564 2931 1555 7177 8223 7526 9993 4509 8795 6174 7159 11 2838 5695 6493 6994 8727 68 843
9235 6421 7723 799 7338 6795 1053 5028 5880 4983 4836 4119 625 8846 5674 8882 7068 4278 9953 1577 3073 6127 9815 3084 43 5509 655
7038 5314 724 8960 5628 7145 6682 6427 4482 3476 8559 9511 435 4620 5425 4554 5246 4270 1307 5206 1338 6664 5158 3994 815 2363 3808
4979 2407 395 5634 523 6789 6358 9483 2416 3503 6164 9922 9064 718 8481 9653 1153 4179 5077 6787 503 426 8094 5709 2843 5836 1946
6837 6652 4309 1723 1630 7795 2118 7264 8318 9986 3622 7800 2401 8204 5042 3402 8346 6840 2961 7999 9072 7140 4154 5858 7644 4580 5030
3352 7423 866 6377 5338 8597 686 7061 226 8481 258 7490 7878 243 2190 6756 3724 1472 2877 8205 9819 9717 1165 8896 8788 8305 3049
5725 7027 8709 754 1458 7210 2699 7835 2548 1295 8521 687 1521 8081 945 90 7037 2268 3359 3792 7071 4832 6669 5275 5729 7464 6440
4624 6252 5823 8752 1976 2850 7460 3809 4308 4670 6509 2142 8297 8883 1742 8984 404 901 1008 1573 7938 3276 6011 2808 346 1921 9478
6700 7650 6941 3139 3352 4271 8962 2104 7326 2890 642 1135 7198 6391 8723 419 5766 7605 3240 4750 9088 5220 6837 1739 3157 112 7751
5965 1537 9672 6521 9316 7322 4541 2454 1752 8812 2494 4935 6138 5385 6657 8352 3661 4126 7074 5159 9893 5757 8399 5721 4845 3618 2557
6584 7854 3748 5413 4898 6364 5085 1418 5679 3485 5959 8133 5237 5850 1705 1251 3066 8169 7908 1417 1830 2033 9570 6989 3004 6405 6467
8725 1249 1163 1281 8913 9018 5029 5404 4994 1392 488 6412 7071 5052 3450 6282 1368 9300 7988 2619 3444 6156 1605 4861 9065 4717 5509
7133 7722 1913 3599 6446 4242 5841 7728 4233 5937 3835 9637 930 5228 1204 7343 3377 7335 1871 9660 8703 2249 8726 2400 5693 5960 4005
1632 5025 8723 7141 2157 6444 132 6835 3968 5453 2675 1695 9686 8613 5531 401 621 1837 2684 7964 5214 18 913 5952 9801 3162 5756
3279 8855 1716 8364 486 7820 8165 8706 1055 5687 8839 7890 9655 4291 1643 1350 5056 1334 7960 6536 1956 9797 9220 998 6089 316 1912
3120 1195 6153 8876 4475 5008 591 3917 6573 9490 2081 5279 544 7768 4117 9513 7422 9487 1156 9851 5621 3569 7810 2156 5525 8685 2454
